county_code,district_code,school_code,filler,test_year,subgroup_id,test_type,total_caaspp_enrollment,total_tested_at_entity_level,total_tested_at_subgroup_level,grade,test_id,caaspp_reported_enrollment,students_tested,percent_tested,mean_scale_score,percentage_standard_exceeded,percentage_standard_met,percentage_standard_met_and_above,percentage_standard_nearly_met,percentage_standard_not_met,students_with_scores,area_1_percentage_above_standard,area_1_percentage_at_or_near_standard,area_1_percentage_below_standard,area_2_percentage_above_standard,area_2_percentage_at_or_near_standard,area_2_percentage_below_standard,area_3_percentage_above_standard,area_3_percentage_at_or_near_standard,area_3_percentage_below_standard,area_4_percentage_above_standard,area_4_percentage_at_or_near_standard,area_4_percentage_below_standard,state_id
1,"","",,2015,1,B,134777,130909,130909,3,2,17687,17296,97.8,2432.6,23,26,49,23,28,17290,34,32,34,29,40,30,28,49,22,0,0,0,01000000000000
1,"","",,2015,1,B,134777,130909,130909,3,1,17687,17122,96.8,2417.8,24,21,45,23,32,17113,25,40,36,23,43,33,20,59,21,23,49,28,01000000000000
1,"","",,2015,1,B,134777,130909,130909,4,1,17437,17004,97.5,2462.5,27,21,47,19,34,17001,24,42,34,25,44,30,20,59,21,22,47,26,01000000000000
1,"","",,2015,1,B,134777,130909,130909,4,2,17437,17110,98.1,2473.8,22,24,45,29,26,17105,31,30,39,26,43,31,27,39,33,0,0,0,01000000000000
1,"","",,2015,1,B,134777,130909,130909,5,2,17365,16757,96.5,2508.6,27,17,44,25,32,16751,32,28,40,26,37,37,24,43,32,0,0,0,01000000000000
1,"","",,2015,1,B,134777,130909,130909,5,1,17365,16639,95.8,2507.5,26,28,54,18,28,16635,27,40,32,32,39,28,21,59,21,35,48,17,01000000000000
1,"","",,2015,1,B,134777,130909,130909,6,1,17089,16475,96.4,2528.0,20,30,50,25,25,16458,22,44,34,28,43,28,17,65,17,29,54,16,01000000000000
1,"","",,2015,1,B,134777,130909,130909,6,2,17089,16636,97.3,2526.1,24,18,43,27,31,16621,29,31,40,24,44,32,24,47,28,0,0,0,01000000000000
1,"","",,2015,1,B,134777,130909,130909,7,2,16462,15992,97.1,2546.4,25,20,44,25,30,15981,32,30,37,27,44,29,27,58,15,0,0,0,01000000000000
1,"","",,2015,1,B,134777,130909,130909,7,1,16462,15776,95.8,2552.1,19,33,52,21,26,15766,24,43,32,33,42,24,17,62,20,29,49,21,01000000000000
1,"","",,2015,1,B,134777,130909,130909,8,1,16509,15487,93.8,2571.5,19,34,53,25,22,15482,29,43,27,30,46,24,17,63,19,28,51,20,01000000000000
1,"","",,2015,1,B,134777,130909,130909,8,2,16509,15795,95.7,2562.5,27,16,43,22,34,15785,32,29,39,27,46,26,27,46,27,0,0,0,01000000000000
1,"","",,2015,1,B,134777,130909,130909,11,2,15793,13918,88.1,2588.8,20,19,40,22,38,13889,30,29,40,22,46,31,23,52,24,0,0,0,01000000000000
1,"","",,2015,1,B,134777,130909,130909,11,1,15793,13925,88.2,2609.1,31,30,61,20,18,13861,37,44,18,40,38,20,23,58,18,38,45,14,01000000000000
1,"","",,2015,1,B,134777,130909,130909,13,1,118342,112428,95.0,"",24,28,52,22,27,112316,27,42,31,30,42,27,19,61,20,29,49,20,01000000000000
1,"","",,2015,1,B,134777,130909,130909,13,2,118342,113504,95.9,"",24,20,44,25,31,113422,31,30,39,26,43,31,26,48,26,0,0,0,01000000000000
1,"","",,2015,3,B,134777,130909,67032,3,2,17687,8768,49.6,2433.7,24,26,50,22,28,8763,35,31,34,31,40,30,28,48,23,0,0,0,01000000000000
1,"","",,2015,3,B,134777,130909,67032,3,1,17687,8673,49.0,2408.1,21,20,41,23,36,8667,22,39,40,19,43,38,19,58,24,21,47,32,01000000000000
1,"","",,2015,3,B,134777,130909,67032,4,1,17437,8776,50.3,2453.1,24,20,44,19,38,8775,22,41,37,21,44,35,20,57,22,20,47,28,01000000000000
1,"","",,2015,3,B,134777,130909,67032,4,2,17437,8839,50.7,2475.2,23,23,46,28,26,8836,33,28,38,27,42,31,28,39,33,0,0,0,01000000000000
1,"","",,2015,3,B,134777,130909,67032,5,2,17365,8509,49.0,2508.4,28,17,45,23,32,8505,33,27,40,26,37,37,25,42,33,0,0,0,01000000000000
1,"","",,2015,3,B,134777,130909,67032,5,1,17365,8451,48.7,2494.6,22,27,49,18,33,8447,24,39,37,27,39,34,19,59,22,32,49,19,01000000000000
1,"","",,2015,3,B,134777,130909,67032,6,1,17089,8286,48.5,2514.8,17,28,45,25,30,8273,20,42,37,23,43,33,16,64,20,25,55,19,01000000000000
1,"","",,2015,3,B,134777,130909,67032,6,2,17089,8362,48.9,2522.5,24,18,42,26,32,8352,29,30,41,24,43,33,24,46,30,0,0,0,01000000000000
1,"","",,2015,3,B,134777,130909,67032,7,2,16462,8168,49.6,2543.3,25,19,44,25,32,8161,32,29,39,27,43,29,26,57,17,0,0,0,01000000000000
1,"","",,2015,3,B,134777,130909,67032,7,1,16462,8062,49.0,2538.4,16,31,47,22,31,8057,22,42,36,28,42,29,16,61,22,26,48,25,01000000000000
1,"","",,2015,3,B,134777,130909,67032,8,1,16509,8002,48.5,2556.7,16,32,48,25,27,7999,26,42,32,25,46,29,16,61,23,24,51,24,01000000000000
1,"","",,2015,3,B,134777,130909,67032,8,2,16509,8143,49.3,2558.3,27,16,43,21,36,8138,32,28,41,27,45,27,26,45,29,0,0,0,01000000000000
1,"","",,2015,3,B,134777,130909,67032,11,2,15793,7160,45.3,2584.9,21,18,39,20,41,7143,30,27,43,24,44,31,24,49,26,0,0,0,01000000000000
1,"","",,2015,3,B,134777,130909,67032,11,1,15793,7126,45.1,2596.4,28,30,57,20,22,7087,35,44,20,35,38,25,22,56,21,35,46,17,01000000000000
1,"","",,2015,3,B,134777,130909,67032,13,1,118342,57376,48.5,"",20,26,47,22,31,57305,24,41,34,25,42,32,18,60,22,26,49,24,01000000000000
1,"","",,2015,3,B,134777,130909,67032,13,2,118342,57949,49.0,"",25,20,44,24,32,57898,32,28,39,27,42,31,26,47,27,0,0,0,01000000000000
1,"","",,2015,4,B,134777,130909,63877,3,1,17687,8449,47.8,2427.7,28,22,49,23,28,8446,28,40,32,27,44,29,22,60,18,25,50,25,01000000000000
1,"","",,2015,4,B,134777,130909,63877,3,2,17687,8528,48.2,2431.3,22,26,48,24,28,8527,32,33,35,28,41,31,28,50,21,0,0,0,01000000000000
1,"","",,2015,4,B,134777,130909,63877,4,2,17437,8271,47.4,2472.2,20,24,44,30,25,8269,29,31,40,24,45,31,26,40,33,0,0,0,01000000000000
1,"","",,2015,4,B,134777,130909,63877,4,1,17437,8228,47.2,2472.6,29,21,51,19,30,8226,27,43,30,29,45,26,21,60,19,25,48,23,01000000000000
1,"","",,2015,4,B,134777,130909,63877,5,1,17365,8188,47.2,2520.8,30,29,59,18,23,8188,31,41,28,38,39,23,22,58,20,38,47,14,01000000000000
1,"","",,2015,4,B,134777,130909,63877,5,2,17365,8248,47.5,2508.8,26,17,43,26,31,8246,31,29,40,26,38,37,24,44,32,0,0,0,01000000000000
1,"","",,2015,4,B,134777,130909,63877,6,2,17089,8274,48.4,2529.7,25,19,43,28,29,8269,29,32,39,23,45,31,25,48,27,0,0,0,01000000000000
1,"","",,2015,4,B,134777,130909,63877,6,1,17089,8189,47.9,2541.4,24,31,55,24,20,8185,25,45,30,34,43,23,19,66,14,33,53,14,01000000000000
1,"","",,2015,4,B,134777,130909,63877,7,1,16462,7714,46.9,2566.4,23,35,58,21,21,7709,27,45,28,39,41,19,18,63,18,33,50,16,01000000000000
1,"","",,2015,4,B,134777,130909,63877,7,2,16462,7824,47.5,2549.7,24,21,45,26,29,7820,32,32,36,27,44,29,27,59,14,0,0,0,01000000000000
1,"","",,2015,4,B,134777,130909,63877,8,2,16509,7652,46.4,2566.9,27,17,44,23,33,7647,32,30,37,27,47,26,27,47,25,0,0,0,01000000000000
1,"","",,2015,4,B,134777,130909,63877,8,1,16509,7485,45.3,2587.2,22,37,59,24,17,7483,32,45,23,36,46,18,19,65,16,33,51,15,01000000000000
1,"","",,2015,4,B,134777,130909,63877,11,1,15793,6799,43.1,2622.4,34,32,66,20,14,6774,40,43,15,44,38,15,23,60,15,42,44,11,01000000000000
1,"","",,2015,4,B,134777,130909,63877,11,2,15793,6758,42.8,2592.9,19,21,41,23,36,6746,30,32,37,21,47,30,23,55,22,0,0,0,01000000000000
1,"","",,2015,4,B,134777,130909,63877,13,2,118342,55555,46.9,"",23,21,44,26,30,55524,31,31,38,25,44,31,26,49,25,0,0,0,01000000000000
1,"","",,2015,4,B,134777,130909,63877,13,1,118342,55052,46.5,"",27,29,56,21,22,55011,30,43,27,35,42,22,21,62,17,33,49,17,01000000000000
1,"","",,2015,6,B,134777,130909,108453,3,2,17687,11921,67.4,2448.8,28,30,58,21,21,11917,41,32,27,36,41,23,35,47,18,0,0,0,01000000000000
1,"","",,2015,6,B,134777,130909,108453,3,1,17687,11874,67.1,2438.8,31,24,55,22,22,11868,31,42,27,29,46,25,25,60,15,28,50,21,01000000000000
1,"","",,2015,6,B,134777,130909,108453,4,1,17437,13197,75.7,2485.3,33,24,58,19,23,13196,30,45,24,31,47,21,25,60,14,28,49,18,01000000000000
1,"","",,2015,6,B,134777,130909,108453,4,2,17437,13185,75.6,2491.9,27,28,54,28,18,13182,38,32,30,32,45,23,34,41,25,0,0,0,01000000000000
1,"","",,2015,6,B,134777,130909,108453,5,2,17365,13666,78.7,2526.4,32,19,51,25,24,13662,38,30,33,31,40,29,29,45,26,0,0,0,01000000000000
1,"","",,2015,6,B,134777,130909,108453,5,1,17365,13663,78.7,2527.0,31,31,62,18,20,13661,33,43,25,38,40,21,24,60,15,41,48,11,01000000000000
1,"","",,2015,6,B,134777,130909,108453,6,1,17089,14089,82.4,2544.6,24,33,57,25,18,14079,26,47,27,33,45,22,20,67,12,34,54,12,01000000000000
1,"","",,2015,6,B,134777,130909,108453,6,2,17089,14122,82.6,2544.0,28,20,49,28,24,14114,33,33,33,27,47,26,28,48,23,0,0,0,01000000000000
1,"","",,2015,6,B,134777,130909,108453,7,2,16462,13903,84.5,2562.6,28,22,50,26,24,13894,36,32,32,31,45,24,30,57,13,0,0,0,01000000000000
1,"","",,2015,6,B,134777,130909,108453,7,1,16462,13815,83.9,2567.4,22,37,59,22,20,13805,28,46,26,38,43,19,19,64,16,33,50,16,01000000000000
1,"","",,2015,6,B,134777,130909,108453,8,1,16509,13748,83.3,2585.4,21,38,59,25,17,13744,32,45,22,33,47,18,19,66,15,32,52,15,01000000000000
1,"","",,2015,6,B,134777,130909,108453,8,2,16509,13933,84.4,2577.0,30,18,48,23,29,13927,35,30,34,30,48,22,29,46,25,0,0,0,01000000000000
1,"","",,2015,6,B,134777,130909,108453,11,2,15793,12535,79.4,2601.2,22,21,43,23,34,12509,32,31,36,24,47,28,25,52,22,0,0,0,01000000000000
1,"","",,2015,6,B,134777,130909,108453,11,1,15793,12589,79.7,2622.9,34,33,66,19,14,12532,41,44,14,43,38,16,25,59,14,42,45,12,01000000000000
1,"","",,2015,6,B,134777,130909,108453,13,1,118342,92975,78.6,"",28,32,59,21,19,92885,31,45,23,35,44,20,23,63,14,34,50,15,01000000000000
1,"","",,2015,6,B,134777,130909,108453,13,2,118342,93265,78.8,"",28,22,50,25,25,93205,36,31,32,30,45,25,30,48,22,0,0,0,01000000000000
1,"","",,2015,7,B,134777,130909,9372,3,1,17687,1027,5.8,2493.3,57,22,79,14,7,1027,52,37,10,53,38,9,43,52,5,50,41,8,01000000000000
1,"","",,2015,7,B,134777,130909,9372,3,2,17687,1030,5.8,2505.1,54,27,81,12,6,1030,68,22,11,61,32,7,60,34,6,0,0,0,01000000000000
1,"","",,2015,7,B,134777,130909,9372,4,2,17437,1188,6.8,2545.2,53,24,77,18,6,1188,64,24,12,55,36,10,57,32,11,0,0,0,01000000000000
1,"","",,2015,7,B,134777,130909,9372,4,1,17437,1192,6.8,2537.8,56,23,78,13,9,1192,50,39,11,51,40,8,45,50,5,47,41,7,01000000000000
1,"","",,2015,7,B,134777,130909,9372,5,1,17365,1087,6.3,2580.2,54,27,82,10,8,1087,52,38,10,61,29,10,41,53,6,61,35,3,01000000000000
1,"","",,2015,7,B,134777,130909,9372,5,2,17365,1086,6.3,2580.5,55,17,72,18,10,1086,60,24,16,52,35,13,51,37,11,0,0,0,01000000000000
1,"","",,2015,7,B,134777,130909,9372,6,2,17089,1201,7.0,2615.7,58,18,76,15,9,1201,63,23,14,55,35,10,56,34,10,0,0,0,01000000000000
1,"","",,2015,7,B,134777,130909,9372,6,1,17089,1189,7.0,2604.9,51,31,82,12,6,1189,50,38,12,60,32,8,35,60,4,58,38,4,01000000000000
1,"","",,2015,7,B,134777,130909,9372,7,1,16462,1186,7.2,2616.9,42,36,77,13,9,1186,46,40,13,59,31,10,32,61,7,50,42,7,01000000000000
1,"","",,2015,7,B,134777,130909,9372,7,2,16462,1191,7.2,2628.4,51,24,74,14,11,1191,60,24,15,53,36,11,53,41,6,0,0,0,01000000000000
1,"","",,2015,7,B,134777,130909,9372,8,2,16509,959,5.8,2644.9,51,18,69,18,13,959,56,26,17,52,39,10,49,39,12,0,0,0,01000000000000
1,"","",,2015,7,B,134777,130909,9372,8,1,16509,955,5.8,2635.6,41,38,79,14,7,955,50,39,10,52,39,8,34,58,7,51,42,6,01000000000000
1,"","",,2015,7,B,134777,130909,9372,11,1,15793,1353,8.6,2666.6,49,32,81,13,6,1347,56,38,6,59,32,8,34,58,7,56,38,5,01000000000000
1,"","",,2015,7,B,134777,130909,9372,11,2,15793,1343,8.5,2664.0,40,20,61,18,21,1343,51,27,22,41,42,16,43,43,13,0,0,0,01000000000000
1,"","",,2015,7,B,134777,130909,9372,13,2,118342,7998,6.8,"",52,21,73,16,11,7998,60,24,15,52,36,11,53,37,10,0,0,0,01000000000000
1,"","",,2015,7,B,134777,130909,9372,13,1,118342,7989,6.8,"",50,30,80,13,7,7983,51,38,10,57,34,9,38,56,6,53,40,6,01000000000000
1,"","",,2015,8,B,134777,130909,29513,3,2,17687,1507,8.5,2464.8,27,40,67,26,7,1507,44,41,15,38,51,11,35,57,8,0,0,0,01000000000000
1,"","",,2015,8,B,134777,130909,29513,3,1,17687,1514,8.6,2453.5,28,34,62,28,10,1514,28,56,16,29,59,12,23,70,7,28,61,10,01000000000000
1,"","",,2015,8,B,134777,130909,29513,4,1,17437,2979,17.1,2495.5,31,31,62,24,14,2979,27,56,17,31,56,13,23,69,9,29,55,12,01000000000000
1,"","",,2015,8,B,134777,130909,29513,4,2,17437,2979,17.1,2504.1,28,31,58,33,9,2979,40,37,24,32,53,15,35,47,18,0,0,0,01000000000000
1,"","",,2015,8,B,134777,130909,29513,5,2,17365,3677,21.2,2535.1,32,20,52,30,18,3677,38,33,29,31,44,25,29,50,21,0,0,0,01000000000000
1,"","",,2015,8,B,134777,130909,29513,5,1,17365,3687,21.2,2532.7,28,36,64,22,13,3686,31,50,19,37,47,16,23,66,11,40,53,7,01000000000000
1,"","",,2015,8,B,134777,130909,29513,6,1,17089,4179,24.5,2544.1,19,36,55,31,13,4173,21,52,26,29,52,18,17,74,9,32,60,8,01000000000000
1,"","",,2015,8,B,134777,130909,29513,6,2,17089,4176,24.4,2548.3,26,21,46,34,20,4175,32,36,32,24,52,23,25,54,20,0,0,0,01000000000000
1,"","",,2015,8,B,134777,130909,29513,7,2,16462,4397,26.7,2566.2,26,22,48,30,22,4396,35,34,30,28,49,23,28,61,11,0,0,0,01000000000000
1,"","",,2015,8,B,134777,130909,29513,7,1,16462,4367,26.5,2566.0,19,38,57,26,17,4367,23,50,26,35,50,15,16,69,14,31,54,14,01000000000000
1,"","",,2015,8,B,134777,130909,29513,8,1,16509,4563,27.6,2586.0,18,39,57,30,13,4561,29,51,20,30,54,16,16,71,12,30,56,13,01000000000000
1,"","",,2015,8,B,134777,130909,29513,8,2,16509,4637,28.1,2583.6,29,18,47,26,27,4636,35,32,33,29,50,21,29,49,21,0,0,0,01000000000000
1,"","",,2015,8,B,134777,130909,29513,11,2,15793,3763,23.8,2598.2,19,21,40,25,34,3758,29,34,36,20,51,27,23,55,22,0,0,0,01000000000000
1,"","",,2015,8,B,134777,130909,29513,11,1,15793,3772,23.9,2617.2,27,38,65,24,11,3760,34,53,12,39,45,14,20,66,12,40,49,9,01000000000000
1,"","",,2015,8,B,134777,130909,29513,13,1,118342,25061,21.2,"",23,37,60,27,13,25040,27,52,20,33,51,15,19,69,11,33,55,10,01000000000000
1,"","",,2015,8,B,134777,130909,29513,13,2,118342,25136,21.2,"",27,23,49,29,21,25128,35,35,30,28,50,22,28,53,18,0,0,0,01000000000000
1,"","",,2015,28,B,134777,130909,670,3,1,17687,95,0.5,2371.2,6,12,18,31,52,95,6,32,62,3,48,48,11,58,32,9,49,41,01000000000000
1,"","",,2015,28,B,134777,130909,670,3,2,17687,96,0.5,2393.2,4,20,24,29,47,96,10,38,52,10,44,46,5,60,34,0,0,0,01000000000000
1,"","",,2015,28,B,134777,130909,670,4,1,17437,104,0.6,2408.7,10,14,24,20,56,104,8,40,52,10,35,56,9,64,27,12,48,37,01000000000000
1,"","",,2015,28,B,134777,130909,670,4,2,17437,106,0.6,2423.7,5,14,19,40,42,106,9,30,60,8,37,56,8,36,56,0,0,0,01000000000000
1,"","",,2015,28,B,134777,130909,670,5,2,17365,92,0.5,2448.1,5,8,13,32,55,92,9,28,63,8,29,63,3,41,55,0,0,0,01000000000000
1,"","",,2015,28,B,134777,130909,670,5,1,17365,92,0.5,2452.8,5,22,27,24,49,92,10,35,55,10,47,43,7,63,30,16,49,35,01000000000000
1,"","",,2015,28,B,134777,130909,670,6,1,17089,106,0.6,2481.8,5,23,27,33,40,106,6,40,55,9,52,39,6,64,30,13,65,22,01000000000000
1,"","",,2015,28,B,134777,130909,670,6,2,17089,106,0.6,2471.0,7,16,23,30,47,106,8,32,59,7,43,50,8,43,49,0,0,0,01000000000000
1,"","",,2015,28,B,134777,130909,670,7,1,16462,79,0.5,2487.9,4,22,25,30,44,79,5,35,58,14,43,42,5,62,32,11,52,35,01000000000000
1,"","",,2015,28,B,134777,130909,670,7,2,16462,79,0.5,2480.8,6,18,24,25,51,79,13,28,59,9,42,49,8,63,29,0,0,0,01000000000000
1,"","",,2015,28,B,134777,130909,670,8,1,16509,68,0.4,2521.4,4,26,31,32,37,68,6,54,40,16,49,35,1,75,24,10,57,32,01000000000000
1,"","",,2015,28,B,134777,130909,670,8,2,16509,67,0.4,2497.0,6,15,21,21,58,67,13,22,63,7,60,31,6,49,43,0,0,0,01000000000000
1,"","",,2015,28,B,134777,130909,670,11,2,15793,58,0.4,2522.1,3,16,19,28,53,58,10,34,55,9,52,40,5,59,36,0,0,0,01000000000000
1,"","",,2015,28,B,134777,130909,670,11,1,15793,59,0.4,2552.0,12,20,32,46,22,59,14,61,24,14,53,32,7,68,24,19,68,12,01000000000000
1,"","",,2015,28,B,134777,130909,670,13,1,118342,603,0.5,"",6,19,26,30,44,603,7,41,51,10,46,43,7,64,29,13,55,31,01000000000000
1,"","",,2015,28,B,134777,130909,670,13,2,118342,604,0.5,"",5,15,20,30,50,604,10,31,59,8,43,49,6,49,44,0,0,0,01000000000000
1,"","",,2015,31,B,134777,130909,59761,3,2,17687,8129,46.0,2387.2,6,19,25,29,46,8125,13,33,54,11,41,48,10,55,35,0,0,0,01000000000000
1,"","",,2015,31,B,134777,130909,59761,3,1,17687,8076,45.7,2369.1,7,15,22,27,51,8068,8,36,55,8,40,52,7,58,35,8,48,43,01000000000000
1,"","",,2015,31,B,134777,130909,59761,4,1,17437,7863,45.1,2410.6,8,16,24,22,54,7860,8,39,53,9,43,48,7,60,33,9,45,41,01000000000000
1,"","",,2015,31,B,134777,130909,59761,4,2,17437,7950,45.6,2426.7,6,16,21,36,43,7947,11,28,61,9,42,49,10,39,52,0,0,0,01000000000000
1,"","",,2015,31,B,134777,130909,59761,5,1,17365,7568,43.6,2455.4,8,23,31,23,46,7564,11,38,51,13,41,46,8,59,33,17,55,28,01000000000000
1,"","",,2015,31,B,134777,130909,59761,5,2,17365,7621,43.9,2455.5,8,12,21,28,51,7616,12,27,61,8,35,57,8,42,50,0,0,0,01000000000000
1,"","",,2015,31,B,134777,130909,59761,6,2,17089,7662,44.8,2471.2,7,13,20,31,49,7653,11,28,61,8,43,49,8,48,43,0,0,0,01000000000000
1,"","",,2015,31,B,134777,130909,59761,6,1,17089,7581,44.4,2479.0,6,22,28,31,41,7569,8,41,51,11,44,44,8,65,27,14,60,26,01000000000000
1,"","",,2015,31,B,134777,130909,59761,7,1,16462,7342,44.6,2501.6,6,24,30,27,42,7335,9,40,49,15,45,39,7,60,32,13,53,33,01000000000000
1,"","",,2015,31,B,134777,130909,59761,7,2,16462,7453,45.3,2489.4,8,15,23,29,47,7446,14,29,57,10,46,45,10,66,24,0,0,0,01000000000000
1,"","",,2015,31,B,134777,130909,59761,8,1,16509,7181,43.5,2523.0,6,25,31,32,36,7178,13,43,43,13,49,37,7,61,31,14,55,31,01000000000000
1,"","",,2015,31,B,134777,130909,59761,8,2,16509,7376,44.7,2500.9,10,12,22,25,53,7369,14,28,58,10,49,40,11,49,40,0,0,0,01000000000000
1,"","",,2015,31,B,134777,130909,59761,11,2,15793,5850,37.0,2528.3,7,14,21,23,56,5831,14,28,57,9,45,44,10,56,34,0,0,0,01000000000000
1,"","",,2015,31,B,134777,130909,59761,11,1,15793,5823,36.9,2559.4,14,30,44,27,28,5785,20,51,27,21,45,31,12,60,26,25,51,22,01000000000000
1,"","",,2015,31,B,134777,130909,59761,13,1,118342,51434,43.5,"",8,22,29,27,43,51359,11,41,48,13,44,43,8,60,31,14,52,32,01000000000000
1,"","",,2015,31,B,134777,130909,59761,13,2,118342,52041,44.0,"",7,15,22,29,49,51987,12,29,58,9,43,48,9,51,40,0,0,0,01000000000000
1,"","",,2015,74,B,134777,130909,14634,3,2,17687,1862,10.5,2370.5,4,15,19,25,55,1862,9,29,61,8,35,57,7,47,47,0,0,0,01000000000000
1,"","",,2015,74,B,134777,130909,14634,3,1,17687,1845,10.4,2360.3,6,13,19,25,56,1842,7,33,60,6,38,56,6,56,38,7,43,49,01000000000000
1,"","",,2015,74,B,134777,130909,14634,4,1,17437,1721,9.9,2397.7,7,13,20,18,62,1721,8,34,57,7,38,54,5,56,39,6,42,47,01000000000000
1,"","",,2015,74,B,134777,130909,14634,4,2,17437,1730,9.9,2410.2,3,13,16,32,52,1728,7,25,69,6,36,58,6,33,61,0,0,0,01000000000000
1,"","",,2015,74,B,134777,130909,14634,5,2,17365,1785,10.3,2435.9,5,9,14,25,61,1783,8,22,71,6,29,66,6,36,59,0,0,0,01000000000000
1,"","",,2015,74,B,134777,130909,14634,5,1,17365,1790,10.3,2440.1,7,18,25,21,54,1789,9,33,59,10,37,53,6,54,40,14,54,33,01000000000000
1,"","",,2015,74,B,134777,130909,14634,6,1,17089,1806,10.6,2464.5,5,17,22,30,48,1804,7,35,58,9,39,52,7,60,32,11,58,31,01000000000000
1,"","",,2015,74,B,134777,130909,14634,6,2,17089,1827,10.7,2448.1,4,9,13,28,58,1825,6,24,69,5,35,60,5,42,52,0,0,0,01000000000000
1,"","",,2015,74,B,134777,130909,14634,7,1,16462,1791,10.9,2484.1,3,21,24,26,50,1787,7,39,53,11,42,47,5,57,38,10,49,41,01000000000000
1,"","",,2015,74,B,134777,130909,14634,7,2,16462,1814,11.0,2463.1,4,10,14,29,57,1809,7,27,66,5,44,51,6,66,28,0,0,0,01000000000000
1,"","",,2015,74,B,134777,130909,14634,8,1,16509,1896,11.5,2506.9,3,22,25,32,43,1895,9,41,49,10,45,43,5,59,35,9,53,37,01000000000000
1,"","",,2015,74,B,134777,130909,14634,8,2,16509,1935,11.7,2472.8,5,10,15,21,64,1933,8,23,68,6,48,46,6,41,53,0,0,0,01000000000000
1,"","",,2015,74,B,134777,130909,14634,11,2,15793,1567,9.9,2489.8,3,8,11,20,68,1557,7,23,69,3,41,54,4,52,44,0,0,0,01000000000000
1,"","",,2015,74,B,134777,130909,14634,11,1,15793,1536,9.7,2533.9,10,25,34,27,37,1519,18,46,35,14,42,41,10,55,33,17,52,29,01000000000000
1,"","",,2015,74,B,134777,130909,14634,13,1,118342,12385,10.5,"",6,18,24,26,50,12357,9,37,53,9,40,49,6,57,36,10,50,38,01000000000000
1,"","",,2015,74,B,134777,130909,14634,13,2,118342,12520,10.6,"",4,11,15,26,59,12497,8,25,67,5,38,56,6,45,49,0,0,0,01000000000000
1,"","",,2015,75,B,134777,130909,431,3,2,17687,75,0.4,2400.9,5,20,25,40,35,75,9,52,39,8,55,37,16,53,31,0,0,0,01000000000000
1,"","",,2015,75,B,134777,130909,431,3,1,17687,74,0.4,2386.7,8,23,31,31,38,74,9,53,38,7,43,50,11,61,28,14,51,35,01000000000000
1,"","",,2015,75,B,134777,130909,431,4,1,17437,71,0.4,2436.2,14,25,39,13,48,71,15,41,44,11,51,38,7,66,27,15,52,32,01000000000000
1,"","",,2015,75,B,134777,130909,431,4,2,17437,72,0.4,2448.4,11,21,32,35,33,72,17,31,53,17,43,40,21,39,40,0,0,0,01000000000000
1,"","",,2015,75,B,134777,130909,431,5,2,17365,52,0.3,2466.0,15,10,25,25,50,52,15,25,60,15,27,58,10,40,50,0,0,0,01000000000000
1,"","",,2015,75,B,134777,130909,431,5,1,17365,51,0.3,2478.1,20,24,43,14,43,51,22,31,47,20,41,39,16,49,35,24,59,18,01000000000000
1,"","",,2015,75,B,134777,130909,431,6,1,17089,46,0.3,2497.7,9,24,33,33,35,46,7,46,48,20,46,35,9,67,24,20,65,15,01000000000000
1,"","",,2015,75,B,134777,130909,431,6,2,17089,47,0.3,2486.6,6,21,28,32,38,46,15,30,54,9,52,39,13,41,46,0,0,0,01000000000000
1,"","",,2015,75,B,134777,130909,431,7,2,16462,47,0.3,2528.6,6,17,23,51,26,47,13,49,38,6,68,26,9,66,26,0,0,0,01000000000000
1,"","",,2015,75,B,134777,130909,431,7,1,16462,46,0.3,2539.0,9,35,43,35,22,46,11,59,30,28,41,30,9,72,20,15,65,20,01000000000000
1,"","",,2015,75,B,134777,130909,431,8,1,16509,43,0.3,2507.8,5,19,23,37,40,43,9,47,42,0,56,42,5,74,21,7,63,28,01000000000000
1,"","",,2015,75,B,134777,130909,431,8,2,16509,44,0.3,2498.9,9,11,20,27,52,44,11,32,57,7,52,41,11,39,50,0,0,0,01000000000000
1,"","",,2015,75,B,134777,130909,431,11,2,15793,46,0.3,2543.8,9,22,30,13,54,45,20,24,56,16,44,38,13,60,27,0,0,0,01000000000000
1,"","",,2015,75,B,134777,130909,431,11,1,15793,45,0.3,2576.4,27,18,44,29,24,44,32,39,27,30,39,27,23,45,27,36,36,23,01000000000000
1,"","",,2015,75,B,134777,130909,431,13,1,118342,376,0.3,"",13,24,37,26,37,375,15,45,40,15,45,38,11,62,26,18,55,26,01000000000000
1,"","",,2015,75,B,134777,130909,431,13,2,118342,383,0.3,"",9,18,27,33,40,381,14,36,50,11,49,40,14,48,38,0,0,0,01000000000000
1,"","",,2015,76,B,134777,130909,30667,3,1,17687,4008,22.7,2472.3,46,24,70,17,13,4007,43,41,16,44,41,14,34,57,8,41,46,13,01000000000000
1,"","",,2015,76,B,134777,130909,30667,3,2,17687,4057,22.9,2493.6,49,29,78,13,8,4056,64,25,11,55,35,11,54,38,7,0,0,0,01000000000000
1,"","",,2015,76,B,134777,130909,30667,4,2,17437,4093,23.5,2537.3,49,26,75,18,6,4093,61,25,13,50,39,11,54,34,12,0,0,0,01000000000000
1,"","",,2015,76,B,134777,130909,30667,4,1,17437,4041,23.2,2519.6,49,23,72,14,13,4041,43,42,15,46,41,12,36,56,9,40,44,11,01000000000000
1,"","",,2015,76,B,134777,130909,30667,5,1,17365,4056,23.4,2564.3,47,31,78,11,11,4056,46,40,14,55,33,11,36,55,9,56,37,6,01000000000000
1,"","",,2015,76,B,134777,130909,30667,5,2,17365,4120,23.7,2577.3,55,19,74,16,10,4119,62,24,14,51,35,15,48,40,12,0,0,0,01000000000000
1,"","",,2015,76,B,134777,130909,30667,6,2,17089,3953,23.1,2607.9,55,19,74,17,9,3952,60,26,14,50,38,11,52,38,10,0,0,0,01000000000000
1,"","",,2015,76,B,134777,130909,30667,6,1,17089,3918,22.9,2589.2,42,34,76,15,8,3918,41,43,15,53,36,10,30,63,6,52,42,6,01000000000000
1,"","",,2015,76,B,134777,130909,30667,7,1,16462,3743,22.7,2616.6,42,37,79,12,9,3741,46,40,14,61,31,8,29,63,8,54,39,7,01000000000000
1,"","",,2015,76,B,134777,130909,30667,7,2,16462,3804,23.1,2635.8,55,22,77,14,8,3803,66,22,12,57,33,10,56,39,5,0,0,0,01000000000000
1,"","",,2015,76,B,134777,130909,30667,8,2,16509,3617,21.9,2664.2,61,16,77,13,10,3617,66,21,13,59,32,9,58,34,8,0,0,0,01000000000000
1,"","",,2015,76,B,134777,130909,30667,8,1,16509,3559,21.6,2634.7,40,40,80,13,7,3558,51,39,10,54,36,9,31,62,7,50,43,7,01000000000000
1,"","",,2015,76,B,134777,130909,30667,11,1,15793,3304,20.9,2664.8,51,28,79,12,8,3301,55,35,9,62,29,8,35,55,9,56,36,6,01000000000000
1,"","",,2015,76,B,134777,130909,30667,11,2,15793,3296,20.9,2689.1,47,23,70,16,14,3294,60,24,15,48,38,13,51,40,8,0,0,0,01000000000000
1,"","",,2015,76,B,134777,130909,30667,13,2,118342,26940,22.8,"",53,22,75,15,9,26934,63,24,13,53,36,11,53,38,9,0,0,0,01000000000000
1,"","",,2015,76,B,134777,130909,30667,13,1,118342,26629,22.5,"",45,31,76,14,10,26622,46,40,14,53,36,11,33,59,8,50,41,8,01000000000000
1,"","",,2015,77,B,134777,130909,9025,3,2,17687,1073,6.1,2441.0,19,37,56,27,17,1073,34,41,25,29,49,21,28,56,16,0,0,0,01000000000000
1,"","",,2015,77,B,134777,130909,9025,3,1,17687,1072,6.1,2431.7,24,29,52,26,21,1071,23,51,26,26,50,24,18,69,13,24,56,20,01000000000000
1,"","",,2015,77,B,134777,130909,9025,4,1,17437,1121,6.4,2476.8,28,26,54,22,24,1121,24,49,27,30,49,21,19,66,15,24,52,20,01000000000000
1,"","",,2015,77,B,134777,130909,9025,4,2,17437,1124,6.4,2479.8,18,32,50,33,17,1124,31,37,32,23,51,26,26,47,27,0,0,0,01000000000000
1,"","",,2015,77,B,134777,130909,9025,5,2,17365,1122,6.5,2514.9,24,21,45,31,24,1122,30,34,35,24,47,30,23,49,28,0,0,0,01000000000000
1,"","",,2015,77,B,134777,130909,9025,5,1,17365,1119,6.4,2522.1,26,34,60,22,18,1119,26,49,25,37,44,19,20,64,16,39,50,11,01000000000000
1,"","",,2015,77,B,134777,130909,9025,6,1,17089,1109,6.5,2544.1,19,39,58,28,14,1109,20,55,25,31,52,17,15,74,11,32,57,11,01000000000000
1,"","",,2015,77,B,134777,130909,9025,6,2,17089,1113,6.5,2540.6,21,27,48,32,20,1113,28,41,31,21,57,22,23,56,21,0,0,0,01000000000000
1,"","",,2015,77,B,134777,130909,9025,7,2,16462,1089,6.6,2560.0,20,29,49,34,18,1089,30,44,26,23,56,21,24,66,9,0,0,0,01000000000000
1,"","",,2015,77,B,134777,130909,9025,7,1,16462,1079,6.6,2570.5,17,45,62,24,14,1078,25,51,23,39,49,12,16,68,15,31,56,12,01000000000000
1,"","",,2015,77,B,134777,130909,9025,8,1,16509,1097,6.6,2582.9,14,46,60,27,13,1096,26,54,20,31,53,16,15,72,13,30,56,13,01000000000000
1,"","",,2015,77,B,134777,130909,9025,8,2,16509,1110,6.7,2575.4,25,20,45,30,25,1109,31,37,32,25,55,19,26,54,20,0,0,0,01000000000000
1,"","",,2015,77,B,134777,130909,9025,11,2,15793,1081,6.8,2600.8,15,28,43,28,29,1080,28,39,32,20,54,25,20,62,17,0,0,0,01000000000000
1,"","",,2015,77,B,134777,130909,9025,11,1,15793,1090,6.9,2627.3,31,40,72,18,10,1087,37,51,11,46,41,10,22,65,11,45,45,8,01000000000000
1,"","",,2015,77,B,134777,130909,9025,13,1,118342,7687,6.5,"",23,37,60,24,16,7681,26,52,22,34,48,17,18,68,13,32,53,14,01000000000000
1,"","",,2015,77,B,134777,130909,9025,13,2,118342,7712,6.5,"",20,28,48,31,21,7710,30,39,30,24,53,24,24,56,20,0,0,0,01000000000000
1,"","",,2015,78,B,134777,130909,42749,3,1,17687,5876,33.2,2373.3,8,15,24,27,49,5874,10,37,53,8,42,50,9,58,33,9,49,41,01000000000000
1,"","",,2015,78,B,134777,130909,42749,3,2,17687,5921,33.5,2390.1,6,20,26,30,44,5919,13,33,53,12,43,46,10,58,32,0,0,0,01000000000000
1,"","",,2015,78,B,134777,130909,42749,4,1,17437,5764,33.1,2415.4,9,16,25,23,52,5762,9,40,51,9,44,46,8,60,31,10,48,38,01000000000000
1,"","",,2015,78,B,134777,130909,42749,4,2,17437,5816,33.4,2428.8,5,17,22,37,42,5814,11,29,60,9,44,47,9,40,51,0,0,0,01000000000000
1,"","",,2015,78,B,134777,130909,42749,5,2,17365,5206,30.0,2455.6,7,12,19,30,51,5203,10,28,62,8,36,57,7,43,50,0,0,0,01000000000000
1,"","",,2015,78,B,134777,130909,42749,5,1,17365,5182,29.8,2458.1,8,23,31,24,44,5180,12,40,49,13,42,44,8,60,32,16,57,27,01000000000000
1,"","",,2015,78,B,134777,130909,42749,6,1,17089,5436,31.8,2480.4,6,23,28,31,40,5423,8,41,50,11,45,43,8,65,26,14,61,25,01000000000000
1,"","",,2015,78,B,134777,130909,42749,6,2,17089,5526,32.3,2470.6,6,13,19,32,48,5520,10,29,61,7,45,48,7,50,43,0,0,0,01000000000000
1,"","",,2015,78,B,134777,130909,42749,7,1,16462,5158,31.3,2502.5,5,25,30,28,42,5158,8,42,49,14,48,38,7,60,32,13,54,32,01000000000000
1,"","",,2015,78,B,134777,130909,42749,7,2,16462,5241,31.8,2487.4,6,15,22,31,48,5239,11,30,58,9,46,45,9,68,23,0,0,0,01000000000000
1,"","",,2015,78,B,134777,130909,42749,8,1,16509,4917,29.8,2524.3,6,26,32,34,34,4916,13,45,42,12,51,36,7,62,30,13,57,29,01000000000000
1,"","",,2015,78,B,134777,130909,42749,8,2,16509,5065,30.7,2498.2,7,13,20,27,53,5058,11,30,58,8,52,40,8,53,38,0,0,0,01000000000000
1,"","",,2015,78,B,134777,130909,42749,11,2,15793,4325,27.4,2522.2,5,14,18,24,57,4314,10,30,59,7,47,44,7,57,35,0,0,0,01000000000000
1,"","",,2015,78,B,134777,130909,42749,11,1,15793,4299,27.2,2562.9,14,31,45,28,26,4271,21,52,25,22,45,30,12,61,25,25,53,20,01000000000000
1,"","",,2015,78,B,134777,130909,42749,13,1,118342,36632,31.0,"",8,22,30,28,42,36584,11,42,46,12,45,42,8,61,30,14,54,31,01000000000000
1,"","",,2015,78,B,134777,130909,42749,13,2,118342,37100,31.3,"",6,15,21,30,48,37067,11,30,59,8,45,47,8,53,39,0,0,0,01000000000000
1,"","",,2015,79,B,134777,130909,1481,3,2,17687,196,1.1,2388.0,3,19,22,36,42,196,13,35,52,7,41,52,7,53,40,0,0,0,01000000000000
1,"","",,2015,79,B,134777,130909,1481,3,1,17687,195,1.1,2372.1,4,18,22,30,48,195,4,42,55,7,47,46,4,61,35,7,50,43,01000000000000
1,"","",,2015,79,B,134777,130909,1481,4,1,17437,187,1.1,2428.4,12,17,29,25,47,187,12,41,48,14,47,39,11,61,27,14,47,38,01000000000000
1,"","",,2015,79,B,134777,130909,1481,4,2,17437,184,1.1,2441.3,7,19,26,40,35,184,16,30,54,12,43,45,13,42,45,0,0,0,01000000000000
1,"","",,2015,79,B,134777,130909,1481,5,2,17365,180,1.0,2451.8,6,9,15,34,51,180,9,26,66,6,34,60,4,44,52,0,0,0,01000000000000
1,"","",,2015,79,B,134777,130909,1481,5,1,17365,178,1.0,2453.8,7,22,30,29,42,178,10,38,52,12,47,40,7,58,35,22,48,30,01000000000000
1,"","",,2015,79,B,134777,130909,1481,6,1,17089,152,0.9,2484.8,5,23,28,33,39,152,7,45,47,13,45,41,7,73,20,13,62,24,01000000000000
1,"","",,2015,79,B,134777,130909,1481,6,2,17089,150,0.9,2479.9,9,11,20,39,41,150,13,30,56,10,45,45,10,47,42,0,0,0,01000000000000
1,"","",,2015,79,B,134777,130909,1481,7,2,16462,181,1.1,2483.4,6,15,22,29,49,181,12,27,61,7,51,42,8,66,27,0,0,0,01000000000000
1,"","",,2015,79,B,134777,130909,1481,7,1,16462,180,1.1,2496.5,3,23,26,33,41,180,8,38,53,16,48,36,6,59,34,9,58,32,01000000000000
1,"","",,2015,79,B,134777,130909,1481,8,1,16509,172,1.0,2525.3,6,26,32,33,35,172,13,41,46,15,54,31,10,56,34,13,56,30,01000000000000
1,"","",,2015,79,B,134777,130909,1481,8,2,16509,183,1.1,2501.7,9,12,21,28,51,183,11,30,59,10,44,45,7,54,40,0,0,0,01000000000000
1,"","",,2015,79,B,134777,130909,1481,11,2,15793,175,1.1,2528.5,5,14,19,29,53,175,10,31,58,8,46,45,6,57,37,0,0,0,01000000000000
1,"","",,2015,79,B,134777,130909,1481,11,1,15793,177,1.1,2557.7,12,32,44,32,25,177,19,51,29,20,48,29,12,60,25,17,59,21,01000000000000
1,"","",,2015,79,B,134777,130909,1481,13,1,118342,1241,1.0,"",7,23,30,30,40,1241,10,42,47,14,48,37,8,61,30,14,54,32,01000000000000
1,"","",,2015,79,B,134777,130909,1481,13,2,118342,1249,1.1,"",6,14,21,33,46,1249,12,30,58,8,44,48,8,52,40,0,0,0,01000000000000
1,"","",,2015,80,B,134777,130909,26705,3,1,17687,3267,18.5,2456.4,38,27,65,21,15,3266,38,43,19,32,49,18,32,58,9,33,51,15,01000000000000
1,"","",,2015,80,B,134777,130909,26705,3,2,17687,3317,18.8,2464.0,32,35,67,20,13,3316,47,34,19,42,42,15,42,46,12,0,0,0,01000000000000
1,"","",,2015,80,B,134777,130909,26705,4,1,17437,3338,19.1,2500.1,39,26,65,17,17,3338,35,46,19,35,48,17,31,59,10,31,50,14,01000000000000
1,"","",,2015,80,B,134777,130909,26705,4,2,17437,3331,19.1,2502.3,28,34,62,26,12,3330,42,35,23,35,48,17,37,45,18,0,0,0,01000000000000
1,"","",,2015,80,B,134777,130909,26705,5,1,17365,3470,20.0,2542.1,36,34,70,15,15,3469,39,42,19,43,41,16,28,61,11,46,46,8,01000000000000
1,"","",,2015,80,B,134777,130909,26705,5,2,17365,3490,20.1,2539.5,35,25,60,24,17,3490,42,34,25,35,44,21,32,49,19,0,0,0,01000000000000
1,"","",,2015,80,B,134777,130909,26705,6,1,17089,3308,19.4,2562.2,28,39,67,20,12,3306,33,48,19,37,47,16,25,66,9,38,54,8,01000000000000
1,"","",,2015,80,B,134777,130909,26705,6,2,17089,3314,19.4,2559.2,31,27,58,26,16,3310,38,38,24,31,50,19,32,51,17,0,0,0,01000000000000
1,"","",,2015,80,B,134777,130909,26705,7,1,16462,3179,19.3,2588.0,26,43,69,18,12,3176,35,48,17,44,43,13,25,65,10,38,51,11,01000000000000
1,"","",,2015,80,B,134777,130909,26705,7,2,16462,3200,19.4,2580.2,32,27,59,25,16,3197,41,37,22,36,47,17,34,56,10,0,0,0,01000000000000
1,"","",,2015,80,B,134777,130909,26705,8,1,16509,3188,19.3,2608.5,27,44,71,19,10,3188,42,44,14,42,46,12,25,65,9,38,51,10,01000000000000
1,"","",,2015,80,B,134777,130909,26705,8,2,16509,3214,19.5,2600.7,35,24,59,22,19,3214,41,35,23,37,48,15,34,49,17,0,0,0,01000000000000
1,"","",,2015,80,B,134777,130909,26705,11,1,15793,3099,19.6,2646.0,43,32,75,14,11,3089,52,38,10,51,35,12,31,56,11,48,41,10,01000000000000
1,"","",,2015,80,B,134777,130909,26705,11,2,15793,3058,19.4,2623.7,25,26,51,23,26,3055,37,33,29,28,51,20,29,53,17,0,0,0,01000000000000
1,"","",,2015,80,B,134777,130909,26705,13,1,118342,22849,19.3,"",34,35,69,18,13,22832,39,44,17,40,44,15,28,62,10,39,49,11,01000000000000
1,"","",,2015,80,B,134777,130909,26705,13,2,118342,22924,19.4,"",31,28,60,24,17,22912,41,35,24,35,47,18,34,50,16,0,0,0,01000000000000
1,"","",,2015,90,B,134777,130909,13398,3,1,17687,1689,9.5,2350.8,4,11,14,24,62,1688,5,31,64,4,34,61,3,55,41,6,43,51,01000000000000
1,"","",,2015,90,B,134777,130909,13398,3,2,17687,1713,9.7,2373.0,3,15,18,29,54,1712,9,29,63,7,39,55,6,58,36,0,0,0,01000000000000
1,"","",,2015,90,B,134777,130909,13398,4,1,17437,1635,9.4,2395.2,5,12,17,21,63,1633,5,35,59,6,37,56,5,57,38,6,42,47,01000000000000
1,"","",,2015,90,B,134777,130909,13398,4,2,17437,1673,9.6,2414.4,3,12,16,35,50,1672,7,26,67,6,41,53,6,37,57,0,0,0,01000000000000
1,"","",,2015,90,B,134777,130909,13398,5,1,17365,1797,10.3,2437.5,4,18,23,23,54,1796,7,35,58,9,38,53,4,57,39,11,55,34,01000000000000
1,"","",,2015,90,B,134777,130909,13398,5,2,17365,1811,10.4,2443.3,5,11,16,27,57,1810,8,26,66,5,31,64,5,41,54,0,0,0,01000000000000
1,"","",,2015,90,B,134777,130909,13398,6,1,17089,1666,9.7,2462.9,3,17,21,31,48,1663,5,37,58,7,42,50,5,62,32,10,58,32,01000000000000
1,"","",,2015,90,B,134777,130909,13398,6,2,17089,1697,9.9,2454.1,4,10,14,30,56,1695,7,25,68,5,41,54,5,46,49,0,0,0,01000000000000
1,"","",,2015,90,B,134777,130909,13398,7,1,16462,1464,8.9,2486.1,4,20,24,25,51,1463,6,35,58,12,41,46,5,57,37,11,50,38,01000000000000
1,"","",,2015,90,B,134777,130909,13398,7,2,16462,1493,9.1,2473.2,6,12,18,29,53,1492,11,26,62,7,42,51,7,66,27,0,0,0,01000000000000
1,"","",,2015,90,B,134777,130909,13398,8,1,16509,1536,9.3,2515.4,6,22,27,34,39,1535,12,41,47,11,47,41,7,59,34,13,52,35,01000000000000
1,"","",,2015,90,B,134777,130909,13398,8,2,16509,1581,9.6,2494.5,9,11,20,23,56,1578,12,27,60,9,48,43,10,49,40,0,0,0,01000000000000
1,"","",,2015,90,B,134777,130909,13398,11,1,15793,1603,10.2,2551.2,12,30,41,27,31,1594,17,52,31,19,44,34,9,60,29,25,50,23,01000000000000
1,"","",,2015,90,B,134777,130909,13398,11,2,15793,1610,10.2,2518.7,6,13,19,22,60,1608,12,26,61,7,45,46,8,56,35,0,0,0,01000000000000
1,"","",,2015,90,B,134777,130909,13398,13,1,118342,11390,9.6,"",5,18,24,26,50,11372,8,38,54,10,40,49,6,58,36,11,50,37,01000000000000
1,"","",,2015,90,B,134777,130909,13398,13,2,118342,11578,9.8,"",5,12,17,28,55,11567,9,26,64,7,41,53,7,50,43,0,0,0,01000000000000
1,"","",,2015,91,B,134777,130909,21556,3,1,17687,2854,16.1,2374.6,8,16,24,28,48,2850,9,39,52,8,43,48,8,59,33,9,50,41,01000000000000
1,"","",,2015,91,B,134777,130909,21556,3,2,17687,2867,16.2,2391.3,6,21,27,30,43,2866,14,33,52,11,44,45,11,56,33,0,0,0,01000000000000
1,"","",,2015,91,B,134777,130909,21556,4,2,17437,2871,16.5,2429.8,6,17,23,37,40,2870,12,29,59,9,43,48,10,40,50,0,0,0,01000000000000
1,"","",,2015,91,B,134777,130909,21556,4,1,17437,2844,16.3,2414.7,8,17,25,23,52,2844,8,41,51,9,45,46,7,61,32,10,46,39,01000000000000
1,"","",,2015,91,B,134777,130909,21556,5,1,17365,2751,15.8,2460.5,8,25,34,24,43,2750,11,41,48,15,42,43,9,61,30,18,56,26,01000000000000
1,"","",,2015,91,B,134777,130909,21556,5,2,17365,2769,15.9,2458.0,8,13,21,30,49,2769,12,29,60,8,36,56,8,42,50,0,0,0,01000000000000
1,"","",,2015,91,B,134777,130909,21556,6,2,17089,2863,16.8,2482.5,8,15,23,33,43,2860,12,31,56,8,46,46,10,50,39,0,0,0,01000000000000
1,"","",,2015,91,B,134777,130909,21556,6,1,17089,2828,16.5,2490.2,7,25,32,33,35,2823,10,43,47,13,47,39,9,67,24,16,61,22,01000000000000
1,"","",,2015,91,B,134777,130909,21556,7,1,16462,2416,14.7,2512.2,7,27,33,30,37,2416,11,43,44,18,48,33,8,63,28,16,53,29,01000000000000
1,"","",,2015,91,B,134777,130909,21556,7,2,16462,2457,14.9,2497.7,9,16,25,31,44,2455,14,32,53,11,48,41,11,67,22,0,0,0,01000000000000
1,"","",,2015,91,B,134777,130909,21556,8,2,16509,2438,14.8,2508.8,11,13,24,27,50,2436,14,31,55,11,52,37,12,49,39,0,0,0,01000000000000
1,"","",,2015,91,B,134777,130909,21556,8,1,16509,2374,14.4,2531.2,6,30,36,33,32,2372,13,46,40,13,52,33,8,64,28,16,57,26,01000000000000
1,"","",,2015,91,B,134777,130909,21556,11,1,15793,2413,15.3,2568.6,16,31,47,27,26,2397,23,52,24,25,44,28,12,61,24,26,51,20,01000000000000
1,"","",,2015,91,B,134777,130909,21556,11,2,15793,2412,15.3,2539.4,8,15,24,24,52,2407,14,31,53,10,47,42,11,56,31,0,0,0,01000000000000
1,"","",,2015,91,B,134777,130909,21556,13,2,118342,18677,15.8,"",8,16,24,30,46,18663,13,31,55,10,45,45,10,51,38,0,0,0,01000000000000
1,"","",,2015,91,B,134777,130909,21556,13,1,118342,18480,15.6,"",9,24,33,28,39,18452,12,43,44,14,46,39,8,62,29,16,54,29,01000000000000
1,"","",,2015,92,B,134777,130909,22754,3,2,17687,3042,17.2,2407.5,9,27,36,30,34,3042,19,39,42,17,46,37,15,56,30,0,0,0,01000000000000
1,"","",,2015,92,B,134777,130909,22754,3,1,17687,3027,17.1,2394.8,12,21,33,31,37,3026,14,43,42,12,48,39,11,65,24,13,55,32,01000000000000
1,"","",,2015,92,B,134777,130909,22754,4,1,17437,3006,17.2,2439.1,15,22,36,23,40,3006,14,46,40,16,48,35,12,64,24,13,52,31,01000000000000
1,"","",,2015,92,B,134777,130909,22754,4,2,17437,3001,17.2,2448.8,10,23,32,37,31,3000,17,35,48,14,47,39,15,44,41,0,0,0,01000000000000
1,"","",,2015,92,B,134777,130909,22754,5,2,17365,2780,16.0,2479.2,12,16,28,33,38,2779,16,32,51,12,43,45,11,49,40,0,0,0,01000000000000
1,"","",,2015,92,B,134777,130909,22754,5,1,17365,2779,16.0,2484.1,14,30,44,24,32,2779,17,44,39,22,45,33,12,63,25,25,57,19,01000000000000
1,"","",,2015,92,B,134777,130909,22754,6,1,17089,2811,16.4,2506.0,11,29,40,30,30,2810,13,46,40,19,47,34,12,69,19,21,59,20,01000000000000
1,"","",,2015,92,B,134777,130909,22754,6,2,17089,2821,16.5,2498.9,12,19,31,32,37,2816,17,34,48,13,48,39,13,52,35,0,0,0,01000000000000
1,"","",,2015,92,B,134777,130909,22754,7,2,16462,2663,16.2,2519.2,13,21,34,31,35,2661,20,35,45,15,52,33,15,67,18,0,0,0,01000000000000
1,"","",,2015,92,B,134777,130909,22754,7,1,16462,2627,16.0,2533.4,10,35,45,26,29,2624,16,49,35,24,49,27,12,65,23,21,54,25,01000000000000
1,"","",,2015,92,B,134777,130909,22754,8,1,16509,2639,16.0,2553.8,10,36,46,30,24,2638,20,50,30,21,52,25,12,66,22,20,58,21,01000000000000
1,"","",,2015,92,B,134777,130909,22754,8,2,16509,2679,16.2,2533.3,15,18,33,28,39,2679,20,34,46,17,54,29,15,52,33,0,0,0,01000000000000
1,"","",,2015,92,B,134777,130909,22754,11,2,15793,2577,16.3,2557.3,10,19,29,26,45,2570,18,34,47,13,49,36,13,57,29,0,0,0,01000000000000
1,"","",,2015,92,B,134777,130909,22754,11,1,15793,2596,16.4,2592.4,22,34,57,24,19,2581,30,50,19,32,44,22,19,61,19,32,50,16,01000000000000
1,"","",,2015,92,B,134777,130909,22754,13,1,118342,19485,16.5,"",13,29,42,27,30,19464,18,47,35,20,48,31,13,65,22,20,55,24,01000000000000
1,"","",,2015,92,B,134777,130909,22754,13,2,118342,19563,16.5,"",11,21,32,31,37,19547,18,35,47,14,48,37,14,54,32,0,0,0,01000000000000
1,"","",,2015,93,B,134777,130909,30928,3,1,17687,4137,23.4,2445.6,32,27,59,22,19,4137,33,44,23,31,47,22,27,62,11,29,52,19,01000000000000
1,"","",,2015,93,B,134777,130909,30928,3,2,17687,4173,23.6,2457.3,30,33,63,21,16,4172,44,34,21,38,43,19,38,48,14,0,0,0,01000000000000
1,"","",,2015,93,B,134777,130909,30928,4,2,17437,4110,23.6,2501.1,29,31,60,27,13,4110,42,33,25,34,48,19,37,42,21,0,0,0,01000000000000
1,"","",,2015,93,B,134777,130909,30928,4,1,17437,4089,23.5,2492.6,35,26,61,19,20,4089,32,47,21,33,49,18,26,62,12,30,50,16,01000000000000
1,"","",,2015,93,B,134777,130909,30928,5,1,17365,4029,23.2,2537.4,34,34,68,17,16,4028,34,45,20,42,41,16,26,62,12,44,47,8,01000000000000
1,"","",,2015,93,B,134777,130909,30928,5,2,17365,4060,23.4,2538.5,35,22,57,24,18,4057,42,31,27,34,42,23,31,48,21,0,0,0,01000000000000
1,"","",,2015,93,B,134777,130909,30928,6,2,17089,3983,23.3,2560.2,32,25,56,26,18,3980,39,36,25,31,49,20,32,50,18,0,0,0,01000000000000
1,"","",,2015,93,B,134777,130909,30928,6,1,17089,3958,23.2,2558.4,27,38,65,22,13,3956,29,50,21,38,46,16,22,69,9,38,53,9,01000000000000
1,"","",,2015,93,B,134777,130909,30928,7,1,16462,3703,22.5,2586.0,26,43,68,19,13,3703,31,49,19,45,42,13,22,66,12,38,51,11,01000000000000
1,"","",,2015,93,B,134777,130909,30928,7,2,16462,3743,22.7,2585.6,34,26,60,25,16,3742,43,34,22,37,46,17,36,55,9,0,0,0,01000000000000
1,"","",,2015,93,B,134777,130909,30928,8,2,16509,3661,22.2,2601.4,36,21,57,22,21,3659,43,32,25,37,46,17,35,47,17,0,0,0,01000000000000
1,"","",,2015,93,B,134777,130909,30928,8,1,16509,3612,21.9,2601.5,24,44,68,21,12,3612,37,47,16,39,47,13,22,68,10,36,52,11,01000000000000
1,"","",,2015,93,B,134777,130909,30928,11,1,15793,3366,21.3,2643.9,41,33,75,15,10,3352,48,41,10,52,36,11,29,60,10,48,42,8,01000000000000
1,"","",,2015,93,B,134777,130909,30928,11,2,15793,3358,21.3,2628.5,26,26,53,23,24,3351,39,34,26,29,49,20,31,54,15,0,0,0,01000000000000
1,"","",,2015,93,B,134777,130909,30928,13,2,118342,27088,22.9,"",32,26,58,24,18,27071,42,33,25,34,46,19,34,49,16,0,0,0,01000000000000
1,"","",,2015,93,B,134777,130909,30928,13,1,118342,26894,22.7,"",31,35,66,19,15,26877,35,46,19,39,44,16,25,64,11,37,50,12,01000000000000
1,"","",,2015,94,B,134777,130909,27442,3,2,17687,4003,22.6,2499.4,52,29,82,12,6,4001,67,24,10,59,32,8,58,35,6,0,0,0,01000000000000
1,"","",,2015,94,B,134777,130909,27442,3,1,17687,3939,22.3,2486.0,53,25,78,14,8,3939,49,39,12,47,42,11,41,53,5,47,43,9,01000000000000
1,"","",,2015,94,B,134777,130909,27442,4,1,17437,3916,22.5,2534.2,56,23,79,12,9,3916,49,40,10,50,41,8,42,52,6,43,44,7,01000000000000
1,"","",,2015,94,B,134777,130909,27442,4,2,17437,3922,22.5,2540.9,49,29,78,16,5,3921,62,26,11,53,39,9,55,36,10,0,0,0,01000000000000
1,"","",,2015,94,B,134777,130909,27442,5,2,17365,3881,22.3,2584.0,58,19,77,15,8,3881,65,23,12,55,34,11,52,38,10,0,0,0,01000000000000
1,"","",,2015,94,B,134777,130909,27442,5,1,17365,3849,22.2,2579.1,55,29,84,9,7,3848,54,36,10,60,31,9,41,53,6,62,34,4,01000000000000
1,"","",,2015,94,B,134777,130909,27442,6,1,17089,3569,20.9,2598.1,46,35,81,13,6,3568,47,42,11,55,36,9,35,60,5,53,42,5,01000000000000
1,"","",,2015,94,B,134777,130909,27442,6,2,17089,3590,21.0,2608.4,55,21,76,16,8,3590,60,27,13,52,38,10,53,38,9,0,0,0,01000000000000
1,"","",,2015,94,B,134777,130909,27442,7,2,16462,3109,18.9,2638.5,56,22,79,14,7,3108,65,23,11,59,33,8,58,38,4,0,0,0,01000000000000
1,"","",,2015,94,B,134777,130909,27442,7,1,16462,3087,18.8,2626.3,45,38,83,11,6,3084,51,39,10,63,30,7,34,60,6,55,39,5,01000000000000
1,"","",,2015,94,B,134777,130909,27442,8,1,16509,3089,18.7,2644.5,44,40,84,11,6,3089,56,35,8,60,34,6,36,59,5,54,40,6,01000000000000
1,"","",,2015,94,B,134777,130909,27442,8,2,16509,3122,18.9,2663.2,59,18,78,13,9,3121,65,23,12,59,33,8,56,35,9,0,0,0,01000000000000
1,"","",,2015,94,B,134777,130909,27442,11,2,15793,2558,16.2,2695.0,49,23,72,15,13,2555,62,23,15,50,37,12,52,39,9,0,0,0,01000000000000
1,"","",,2015,94,B,134777,130909,27442,11,1,15793,2584,16.4,2687.2,61,25,86,9,5,2580,66,28,6,69,24,6,43,50,6,60,34,5,01000000000000
1,"","",,2015,94,B,134777,130909,27442,13,1,118342,24033,20.3,"",51,30,82,11,7,24024,53,37,10,57,35,8,39,55,6,53,40,6,01000000000000
1,"","",,2015,94,B,134777,130909,27442,13,2,118342,24185,20.4,"",54,23,78,14,8,24177,64,24,12,55,35,9,55,37,8,0,0,0,01000000000000
1,"","",,2015,99,B,134777,130909,118438,3,1,17687,15632,88.4,2424.8,26,22,48,24,29,15625,26,41,33,25,45,30,22,60,18,24,50,26,01000000000000
1,"","",,2015,99,B,134777,130909,118438,3,2,17687,15803,89.3,2439.6,24,27,52,23,25,15800,36,32,32,31,41,27,30,50,20,0,0,0,01000000000000
1,"","",,2015,99,B,134777,130909,118438,4,1,17437,15333,87.9,2471.9,29,22,51,20,30,15330,26,44,30,27,46,26,22,60,18,24,49,22,01000000000000
1,"","",,2015,99,B,134777,130909,118438,4,2,17437,15446,88.6,2482.0,23,25,49,30,22,15442,34,31,35,28,45,28,29,41,30,0,0,0,01000000000000
1,"","",,2015,99,B,134777,130909,118438,5,2,17365,15121,87.1,2518.4,29,18,47,26,27,15118,35,29,36,28,39,33,26,45,29,0,0,0,01000000000000
1,"","",,2015,99,B,134777,130909,118438,5,1,17365,14993,86.3,2518.5,28,30,58,19,23,14991,30,42,28,35,41,24,22,60,17,38,49,13,01000000000000
1,"","",,2015,99,B,134777,130909,118438,6,1,17089,14934,87.4,2538.7,22,32,54,25,21,14922,24,46,30,31,45,24,19,67,14,32,55,13,01000000000000
1,"","",,2015,99,B,134777,130909,118438,6,2,17089,15075,88.2,2538.2,26,20,46,28,26,15066,31,32,36,26,46,28,27,48,25,0,0,0,01000000000000
1,"","",,2015,99,B,134777,130909,118438,7,2,16462,14442,87.7,2559.8,27,21,48,26,25,14432,35,32,33,30,45,25,29,58,13,0,0,0,01000000000000
1,"","",,2015,99,B,134777,130909,118438,7,1,16462,14249,86.6,2563.6,21,35,57,22,21,14244,26,45,28,36,43,20,18,64,17,32,50,17,01000000000000
1,"","",,2015,99,B,134777,130909,118438,8,1,16509,14068,85.2,2582.5,21,37,57,25,18,14065,31,45,24,33,47,19,19,65,16,31,52,16,01000000000000
1,"","",,2015,99,B,134777,130909,118438,8,2,16509,14388,87.2,2575.4,29,18,47,23,30,14380,34,30,35,30,47,23,29,47,24,0,0,0,01000000000000
1,"","",,2015,99,B,134777,130909,118438,11,2,15793,12855,81.4,2599.9,22,21,42,23,35,12832,32,31,37,24,47,28,25,53,22,0,0,0,01000000000000
1,"","",,2015,99,B,134777,130909,118438,11,1,15793,12860,81.4,2619.2,33,32,65,20,15,12807,40,44,15,42,39,17,24,59,15,41,45,12,01000000000000
1,"","",,2015,99,B,134777,130909,118438,13,1,118342,102069,86.2,"",26,30,55,22,23,101984,29,44,27,33,44,23,21,62,17,31,50,17,01000000000000
1,"","",,2015,99,B,134777,130909,118438,13,2,118342,103130,87.1,"",26,21,47,26,27,103070,34,31,35,28,44,27,28,49,23,0,0,0,01000000000000
1,"","",,2015,111,B,134777,130909,71148,3,1,17687,9046,51.1,2461.2,40,26,66,20,14,9045,39,43,18,37,46,17,32,59,9,36,49,15,01000000000000
1,"","",,2015,111,B,134777,130909,71148,3,2,17687,9167,51.8,2472.8,38,32,70,18,12,9165,52,31,17,46,40,15,45,44,11,0,0,0,01000000000000
1,"","",,2015,111,B,134777,130909,71148,4,2,17437,9160,52.5,2514.6,36,30,66,23,11,9158,49,31,20,40,44,16,43,40,17,0,0,0,01000000000000
1,"","",,2015,111,B,134777,130909,71148,4,1,17437,9141,52.4,2507.2,43,25,67,16,16,9141,38,45,17,39,45,15,32,58,10,34,48,13,01000000000000
1,"","",,2015,111,B,134777,130909,71148,5,1,17365,9071,52.2,2551.0,41,32,73,14,13,9071,41,42,17,48,38,14,31,58,10,50,43,7,01000000000000
1,"","",,2015,111,B,134777,130909,71148,5,2,17365,9136,52.6,2552.9,43,20,63,22,15,9135,49,29,22,41,40,19,38,44,17,0,0,0,01000000000000
1,"","",,2015,111,B,134777,130909,71148,6,2,17089,8974,52.5,2572.9,39,23,62,23,15,8968,45,33,22,37,45,18,38,46,16,0,0,0,01000000000000
1,"","",,2015,111,B,134777,130909,71148,6,1,17089,8894,52.0,2569.8,33,36,69,19,12,8889,35,46,19,43,42,14,26,65,9,42,49,8,01000000000000
1,"","",,2015,111,B,134777,130909,71148,7,1,16462,8434,51.2,2595.9,31,40,72,16,12,8431,37,45,17,50,39,11,25,64,11,43,46,10,01000000000000
1,"","",,2015,111,B,134777,130909,71148,7,2,16462,8539,51.9,2596.2,39,24,63,22,15,8535,48,31,20,42,42,16,41,51,8,0,0,0,01000000000000
1,"","",,2015,111,B,134777,130909,71148,8,2,16509,8419,51.0,2616.4,42,20,62,20,18,8416,48,30,22,42,43,14,41,44,16,0,0,0,01000000000000
1,"","",,2015,111,B,134777,130909,71148,8,1,16509,8306,50.3,2613.3,30,42,72,18,10,8304,42,43,14,45,43,12,26,64,9,41,49,10,01000000000000
1,"","",,2015,111,B,134777,130909,71148,11,1,15793,8102,51.3,2644.7,43,31,74,15,11,8076,50,39,11,53,33,12,30,57,11,48,42,9,01000000000000
1,"","",,2015,111,B,134777,130909,71148,11,2,15793,8068,51.1,2632.5,30,24,53,21,25,8058,41,30,28,32,46,21,34,49,17,0,0,0,01000000000000
1,"","",,2015,111,B,134777,130909,71148,13,2,118342,61463,51.9,"",38,25,63,21,16,61435,47,31,22,40,43,17,40,45,15,0,0,0,01000000000000
1,"","",,2015,111,B,134777,130909,71148,13,1,118342,60994,51.5,"",37,33,70,17,13,60957,40,43,16,45,41,14,29,61,10,42,47,10,01000000000000
1,"","",,2015,120,B,134777,130909,1001,3,1,17687,79,0.4,2362.5,9,11,20,30,47,77,9,30,61,8,38,52,12,43,45,13,44,43,01000000000000
1,"","",,2015,120,B,134777,130909,1001,3,2,17687,164,0.9,2413.0,16,23,39,24,37,164,30,30,39,20,39,41,20,48,32,0,0,0,01000000000000
1,"","",,2015,120,B,134777,130909,1001,4,1,17437,76,0.4,2384.6,8,8,16,22,61,75,7,29,60,3,45,48,5,51,40,12,36,45,01000000000000
1,"","",,2015,120,B,134777,130909,1001,4,2,17437,146,0.8,2428.6,12,11,23,32,45,146,17,25,58,12,34,54,11,38,51,0,0,0,01000000000000
1,"","",,2015,120,B,134777,130909,1001,5,2,17365,138,0.8,2449.2,10,15,25,22,51,137,16,27,57,9,28,64,7,39,53,0,0,0,01000000000000
1,"","",,2015,120,B,134777,130909,1001,5,1,17365,67,0.4,2434.5,4,18,22,31,46,67,7,31,61,4,45,49,4,61,34,13,54,33,01000000000000
1,"","",,2015,120,B,134777,130909,1001,6,1,17089,55,0.3,2413.9,0,13,13,18,69,55,4,24,71,0,29,67,4,45,49,9,40,49,01000000000000
1,"","",,2015,120,B,134777,130909,1001,6,2,17089,128,0.7,2434.0,5,9,14,20,64,126,10,16,73,4,33,63,5,37,57,0,0,0,01000000000000
1,"","",,2015,120,B,134777,130909,1001,7,2,16462,95,0.6,2487.6,14,17,31,18,52,95,19,23,57,18,36,46,18,57,24,0,0,0,01000000000000
1,"","",,2015,120,B,134777,130909,1001,7,1,16462,35,0.2,2431.1,0,9,9,26,66,35,0,29,71,3,31,66,3,31,66,3,51,46,01000000000000
1,"","",,2015,120,B,134777,130909,1001,8,1,16509,48,0.3,2456.0,2,13,15,21,63,47,4,26,70,6,30,64,2,38,60,9,49,43,01000000000000
1,"","",,2015,120,B,134777,130909,1001,8,2,16509,116,0.7,2503.3,21,9,30,15,54,115,23,15,60,15,37,49,23,46,29,0,0,0,01000000000000
1,"","",,2015,120,B,134777,130909,1001,11,1,15793,45,0.3,2502.7,4,16,20,31,49,45,7,42,49,9,38,49,7,53,36,9,56,31,01000000000000
1,"","",,2015,120,B,134777,130909,1001,11,2,15793,71,0.4,2512.1,8,11,20,18,62,71,17,24,59,7,49,44,13,51,37,0,0,0,01000000000000
1,"","",,2015,120,B,134777,130909,1001,13,2,118342,858,0.7,"",12,14,27,22,51,854,20,23,57,12,36,52,14,44,41,0,0,0,01000000000000
1,"","",,2015,120,B,134777,130909,1001,13,1,118342,405,0.3,"",5,12,17,26,56,401,6,30,63,5,38,55,6,47,45,10,46,41,01000000000000
1,"","",,2015,121,B,134777,130909,14785,3,2,17687,1491,8.4,2382.8,7,18,26,24,50,1490,14,29,57,12,37,50,11,53,36,0,0,0,01000000000000
1,"","",,2015,121,B,134777,130909,14785,3,1,17687,1470,8.3,2364.6,9,12,21,25,55,1467,9,31,59,8,37,55,8,53,39,8,44,47,01000000000000
1,"","",,2015,121,B,134777,130909,14785,4,1,17437,1506,8.6,2405.0,9,14,23,20,57,1505,8,35,56,9,39,52,8,55,37,9,45,41,01000000000000
1,"","",,2015,121,B,134777,130909,14785,4,2,17437,1525,8.7,2424.7,6,16,22,32,46,1524,12,24,63,10,40,50,10,36,54,0,0,0,01000000000000
1,"","",,2015,121,B,134777,130909,14785,5,2,17365,1450,8.4,2457.5,12,12,24,23,53,1449,17,22,61,11,32,57,11,38,50,0,0,0,01000000000000
1,"","",,2015,121,B,134777,130909,14785,5,1,17365,1430,8.2,2454.6,11,20,32,19,49,1430,13,34,53,15,38,47,10,55,35,19,52,29,01000000000000
1,"","",,2015,121,B,134777,130909,14785,6,1,17089,1641,9.6,2471.2,7,19,26,28,45,1636,9,38,53,12,38,49,8,60,31,13,58,29,01000000000000
1,"","",,2015,121,B,134777,130909,14785,6,2,17089,1679,9.8,2461.9,9,10,19,29,52,1677,11,26,63,8,39,53,9,45,46,0,0,0,01000000000000
1,"","",,2015,121,B,134777,130909,14785,7,2,16462,2516,15.3,2494.4,12,14,26,26,48,2512,16,28,55,13,43,44,14,63,23,0,0,0,01000000000000
1,"","",,2015,121,B,134777,130909,14785,7,1,16462,2474,15.0,2506.5,8,25,33,24,43,2471,12,38,49,19,43,38,10,57,32,16,50,33,01000000000000
1,"","",,2015,121,B,134777,130909,14785,8,1,16509,2236,13.5,2524.0,8,24,33,29,39,2235,16,40,43,16,44,39,9,58,32,16,52,31,01000000000000
1,"","",,2015,121,B,134777,130909,14785,8,2,16509,2310,14.0,2501.8,12,12,24,22,54,2308,16,26,58,13,46,41,13,47,40,0,0,0,01000000000000
1,"","",,2015,121,B,134777,130909,14785,11,2,15793,1403,8.9,2522.9,9,12,21,18,60,1398,15,22,61,9,43,46,12,51,37,0,0,0,01000000000000
1,"","",,2015,121,B,134777,130909,14785,11,1,15793,1362,8.6,2546.4,14,26,40,26,34,1356,21,46,32,19,39,38,11,55,31,22,49,26,01000000000000
1,"","",,2015,121,B,134777,130909,14785,13,1,118342,12119,10.2,"",9,21,30,25,45,12100,13,38,49,14,40,44,9,56,34,15,50,34,01000000000000
1,"","",,2015,121,B,134777,130909,14785,13,2,118342,12374,10.5,"",10,13,23,25,51,12358,15,26,59,11,41,48,12,49,39,0,0,0,01000000000000
1,"","",,2015,128,B,134777,130909,12471,3,1,17687,1490,8.4,2344.0,6,10,16,18,65,1488,7,27,66,7,26,66,7,44,49,8,36,56,01000000000000
1,"","",,2015,128,B,134777,130909,12471,3,2,17687,1493,8.4,2358.2,7,12,19,21,60,1490,12,22,66,11,29,60,9,44,46,0,0,0,01000000000000
1,"","",,2015,128,B,134777,130909,12471,4,1,17437,1671,9.6,2376.8,7,8,15,14,72,1671,7,25,67,5,27,67,7,46,47,6,34,56,01000000000000
1,"","",,2015,128,B,134777,130909,12471,4,2,17437,1664,9.5,2397.7,6,10,16,25,60,1663,10,17,73,7,29,63,8,27,65,0,0,0,01000000000000
1,"","",,2015,128,B,134777,130909,12471,5,2,17365,1636,9.4,2418.0,6,8,13,16,70,1633,8,16,76,6,21,73,6,29,65,0,0,0,01000000000000
1,"","",,2015,128,B,134777,130909,12471,5,1,17365,1646,9.5,2407.7,4,11,15,14,71,1644,7,23,70,6,24,70,5,44,51,8,43,48,01000000000000
1,"","",,2015,128,B,134777,130909,12471,6,1,17089,1541,9.0,2424.4,3,8,11,20,69,1536,4,24,71,4,26,69,4,46,49,6,47,46,01000000000000
1,"","",,2015,128,B,134777,130909,12471,6,2,17089,1561,9.1,2408.6,4,6,10,16,74,1555,6,14,79,4,24,72,4,32,63,0,0,0,01000000000000
1,"","",,2015,128,B,134777,130909,12471,7,2,16462,1550,9.4,2422.2,4,6,9,16,74,1549,5,15,79,5,28,67,4,57,38,0,0,0,01000000000000
1,"","",,2015,128,B,134777,130909,12471,7,1,16462,1527,9.3,2444.3,2,9,12,17,71,1522,4,23,71,5,27,66,3,42,53,5,38,55,01000000000000
1,"","",,2015,128,B,134777,130909,12471,8,1,16509,1419,8.6,2461.6,2,10,11,23,66,1417,5,28,66,4,28,66,3,45,51,4,44,51,01000000000000
1,"","",,2015,128,B,134777,130909,12471,8,2,16509,1407,8.5,2429.6,3,5,8,13,79,1405,4,14,81,3,34,62,3,34,63,0,0,0,01000000000000
1,"","",,2015,128,B,134777,130909,12471,11,1,15793,1065,6.7,2486.6,4,13,18,26,55,1054,8,41,48,6,31,60,4,46,47,8,50,40,01000000000000
1,"","",,2015,128,B,134777,130909,12471,11,2,15793,1063,6.7,2453.2,2,5,6,10,83,1057,4,12,83,3,33,64,3,46,51,0,0,0,01000000000000
1,"","",,2015,128,B,134777,130909,12471,13,2,118342,10374,8.8,"",5,7,12,17,71,10352,7,16,76,6,28,66,5,38,56,0,0,0,01000000000000
1,"","",,2015,128,B,134777,130909,12471,13,1,118342,10359,8.8,"",4,10,14,18,67,10332,6,27,67,5,27,67,5,45,50,6,41,51,01000000000000
1,"","",,2015,142,B,134777,130909,20808,3,2,17687,5100,28.8,2395.8,11,18,28,27,45,5098,18,30,52,14,40,46,14,55,31,0,0,0,01000000000000
1,"","",,2015,142,B,134777,130909,20808,3,1,17687,5090,28.8,2370.1,10,12,22,25,53,5089,10,33,56,10,36,53,8,56,36,10,45,45,01000000000000
1,"","",,2015,142,B,134777,130909,20808,4,1,17437,3651,20.9,2382.6,3,8,11,19,70,3650,3,30,67,4,35,62,3,54,43,4,40,51,01000000000000
1,"","",,2015,142,B,134777,130909,20808,4,2,17437,3683,21.1,2411.4,4,10,14,34,52,3681,7,23,70,5,37,58,6,34,60,0,0,0,01000000000000
1,"","",,2015,142,B,134777,130909,20808,5,2,17365,2863,16.5,2428.4,4,7,11,22,67,2863,7,20,73,4,24,72,3,33,63,0,0,0,01000000000000
1,"","",,2015,142,B,134777,130909,20808,5,1,17365,2852,16.4,2417.2,2,12,14,20,66,2850,4,28,69,5,33,62,3,51,46,7,51,42,01000000000000
1,"","",,2015,142,B,134777,130909,20808,6,1,17089,2280,13.3,2429.7,1,8,9,25,67,2274,1,26,72,2,30,67,2,52,45,4,52,44,01000000000000
1,"","",,2015,142,B,134777,130909,20808,6,2,17089,2314,13.5,2424.7,2,5,8,21,71,2309,4,16,79,2,30,67,2,40,58,0,0,0,01000000000000
1,"","",,2015,142,B,134777,130909,20808,7,2,16462,1907,11.6,2436.2,2,6,8,21,71,1906,5,17,77,3,32,65,3,63,33,0,0,0,01000000000000
1,"","",,2015,142,B,134777,130909,20808,7,1,16462,1890,11.5,2443.7,1,7,7,21,71,1890,1,20,77,3,33,63,1,45,53,4,42,53,01000000000000
1,"","",,2015,142,B,134777,130909,20808,8,1,16509,1648,10.0,2460.5,1,8,8,25,67,1648,2,26,71,3,32,64,1,43,55,3,43,53,01000000000000
1,"","",,2015,142,B,134777,130909,20808,8,2,16509,1675,10.1,2449.3,4,5,9,16,74,1672,7,17,76,4,35,61,5,48,47,0,0,0,01000000000000
1,"","",,2015,142,B,134777,130909,20808,11,2,15793,1257,8.0,2472.1,4,7,11,12,77,1255,7,16,76,5,32,62,5,55,40,0,0,0,01000000000000
1,"","",,2015,142,B,134777,130909,20808,11,1,15793,1256,8.0,2476.5,2,10,13,28,59,1249,3,39,57,5,33,59,2,45,52,7,50,41,01000000000000
1,"","",,2015,142,B,134777,130909,20808,13,1,118342,18667,15.8,"",4,10,14,23,64,18650,5,29,66,5,34,60,4,51,44,6,46,47,01000000000000
1,"","",,2015,142,B,134777,130909,20808,13,2,118342,18799,15.9,"",5,10,15,24,60,18784,9,22,68,7,34,59,7,46,47,0,0,0,01000000000000
1,"","",,2015,144,B,134777,130909,5217,3,1,17687,785,4.4,2441.7,33,22,55,23,21,784,34,41,24,31,42,26,28,58,14,27,51,21,01000000000000
1,"","",,2015,144,B,134777,130909,5217,3,2,17687,795,4.5,2453.5,31,30,61,19,19,793,43,31,25,38,43,19,35,47,17,0,0,0,01000000000000
1,"","",,2015,144,B,134777,130909,5217,4,1,17437,761,4.4,2487.6,35,24,59,19,23,760,33,44,23,30,48,21,26,61,13,28,50,17,01000000000000
1,"","",,2015,144,B,134777,130909,5217,4,2,17437,760,4.4,2496.3,28,30,57,27,16,760,42,31,27,34,44,22,35,43,23,0,0,0,01000000000000
1,"","",,2015,144,B,134777,130909,5217,5,2,17365,802,4.6,2533.5,36,20,56,22,22,802,42,28,30,34,40,26,33,44,24,0,0,0,01000000000000
1,"","",,2015,144,B,134777,130909,5217,5,1,17365,793,4.6,2534.0,35,30,65,16,19,793,37,40,23,43,36,21,25,63,12,45,44,11,01000000000000
1,"","",,2015,144,B,134777,130909,5217,6,1,17089,700,4.1,2542.9,24,33,57,23,20,700,27,47,26,34,43,23,20,67,13,34,52,13,01000000000000
1,"","",,2015,144,B,134777,130909,5217,6,2,17089,706,4.1,2538.1,26,22,48,28,24,705,31,34,34,27,46,27,26,49,24,0,0,0,01000000000000
1,"","",,2015,144,B,134777,130909,5217,7,2,16462,616,3.7,2561.8,30,23,53,23,24,616,38,31,30,34,44,23,31,55,14,0,0,0,01000000000000
1,"","",,2015,144,B,134777,130909,5217,7,1,16462,600,3.6,2571.9,25,38,63,17,20,600,31,45,24,41,41,19,24,61,14,33,49,18,01000000000000
1,"","",,2015,144,B,134777,130909,5217,8,1,16509,615,3.7,2586.5,23,38,61,18,20,614,35,40,24,37,41,22,23,60,16,35,47,18,01000000000000
1,"","",,2015,144,B,134777,130909,5217,8,2,16509,627,3.8,2573.3,29,21,50,19,31,627,35,32,33,33,46,22,29,48,23,0,0,0,01000000000000
1,"","",,2015,144,B,134777,130909,5217,11,1,15793,375,2.4,2620.6,35,31,66,17,17,373,43,43,13,41,37,19,30,53,15,43,42,13,01000000000000
1,"","",,2015,144,B,134777,130909,5217,11,2,15793,370,2.3,2598.3,19,24,43,25,32,369,30,34,36,24,45,30,21,57,22,0,0,0,01000000000000
1,"","",,2015,144,B,134777,130909,5217,13,2,118342,4676,4.0,"",29,25,54,23,23,4672,38,31,30,33,44,24,31,48,21,0,0,0,01000000000000
1,"","",,2015,144,B,134777,130909,5217,13,1,118342,4629,3.9,"",30,30,60,19,20,4624,34,43,23,36,41,22,25,61,14,34,48,16,01000000000000
1,"","",,2015,160,B,134777,130909,21941,3,2,17687,5297,29.9,2396.4,11,18,29,27,45,5295,18,30,52,14,39,46,14,55,31,0,0,0,01000000000000
1,"","",,2015,160,B,134777,130909,21941,3,1,17687,5195,29.4,2370.0,10,12,22,25,53,5192,10,33,57,10,36,53,8,56,36,10,45,45,01000000000000
1,"","",,2015,160,B,134777,130909,21941,4,1,17437,3762,21.6,2382.8,3,8,11,19,70,3760,3,30,67,4,35,61,3,54,43,4,40,51,01000000000000
1,"","",,2015,160,B,134777,130909,21941,4,2,17437,3868,22.2,2412.3,4,11,15,33,52,3866,8,23,69,5,37,58,6,34,60,0,0,0,01000000000000
1,"","",,2015,160,B,134777,130909,21941,5,2,17365,3030,17.4,2429.5,5,7,12,22,66,3029,7,20,72,4,24,72,4,34,63,0,0,0,01000000000000
1,"","",,2015,160,B,134777,130909,21941,5,1,17365,2938,16.9,2417.7,2,12,14,21,65,2936,4,28,68,5,33,62,3,51,46,8,51,42,01000000000000
1,"","",,2015,160,B,134777,130909,21941,6,1,17089,2352,13.8,2429.1,1,8,9,24,67,2345,1,26,72,2,30,67,2,52,45,4,51,44,01000000000000
1,"","",,2015,160,B,134777,130909,21941,6,2,17089,2460,14.4,2424.8,2,5,8,21,71,2453,4,16,79,3,30,67,2,39,58,0,0,0,01000000000000
1,"","",,2015,160,B,134777,130909,21941,7,2,16462,2016,12.2,2438.5,3,6,9,21,70,2015,6,17,77,4,33,64,4,63,33,0,0,0,01000000000000
1,"","",,2015,160,B,134777,130909,21941,7,1,16462,1936,11.8,2443.3,1,7,7,21,71,1936,1,20,77,3,33,64,1,45,53,4,42,53,01000000000000
1,"","",,2015,160,B,134777,130909,21941,8,1,16509,1708,10.3,2460.3,1,8,9,24,67,1707,2,26,71,3,32,64,1,42,56,3,43,53,01000000000000
1,"","",,2015,160,B,134777,130909,21941,8,2,16509,1804,10.9,2452.8,5,5,11,16,73,1800,8,17,75,5,35,60,6,48,46,0,0,0,01000000000000
1,"","",,2015,160,B,134777,130909,21941,11,2,15793,1333,8.4,2474.0,4,7,11,13,76,1331,7,17,75,5,33,61,5,54,40,0,0,0,01000000000000
1,"","",,2015,160,B,134777,130909,21941,11,1,15793,1305,8.3,2477.3,2,11,13,28,59,1298,3,39,57,5,34,59,2,45,51,7,50,41,01000000000000
1,"","",,2015,160,B,134777,130909,21941,13,1,118342,19196,16.2,"",4,10,14,23,63,19174,5,29,66,5,34,60,4,51,44,6,46,47,01000000000000
1,"","",,2015,160,B,134777,130909,21941,13,2,118342,19808,16.7,"",6,10,16,24,60,19789,10,22,68,7,34,59,7,46,47,0,0,0,01000000000000
1,"","",,2015,180,B,134777,130909,69568,3,1,17687,9333,52.8,2430.4,29,23,52,22,26,9327,29,41,30,26,45,29,24,59,17,26,49,24,01000000000000
1,"","",,2015,180,B,134777,130909,69568,3,2,17687,9384,53.1,2440.1,26,28,54,22,24,9380,37,32,30,33,40,27,32,47,21,0,0,0,01000000000000
1,"","",,2015,180,B,134777,130909,69568,4,2,17437,9018,51.7,2480.8,23,27,50,27,22,9015,34,31,35,28,44,28,30,40,30,0,0,0,01000000000000
1,"","",,2015,180,B,134777,130909,69568,4,1,17437,9026,51.8,2475.0,31,22,53,18,28,9025,29,43,28,29,45,26,24,59,17,25,48,22,01000000000000
1,"","",,2015,180,B,134777,130909,69568,5,1,17365,8889,51.2,2518.1,29,30,59,17,24,8888,31,40,29,36,39,25,23,59,18,39,47,14,01000000000000
1,"","",,2015,180,B,134777,130909,69568,5,2,17365,8903,51.3,2516.1,29,19,48,24,28,8899,35,29,37,29,39,32,26,44,29,0,0,0,01000000000000
1,"","",,2015,180,B,134777,130909,69568,6,2,17089,8745,51.2,2532.1,25,21,46,27,28,8738,30,33,36,25,45,30,26,47,26,0,0,0,01000000000000
1,"","",,2015,180,B,134777,130909,69568,6,1,17089,8721,51.0,2536.7,22,32,55,23,22,8717,25,45,30,31,44,25,20,65,15,31,54,15,01000000000000
1,"","",,2015,180,B,134777,130909,69568,7,1,16462,8262,50.2,2561.0,21,36,57,20,23,8252,27,45,27,36,42,22,19,63,18,31,49,19,01000000000000
1,"","",,2015,180,B,134777,130909,69568,7,2,16462,8315,50.5,2551.2,26,21,47,26,27,8307,33,32,35,29,45,26,28,58,15,0,0,0,01000000000000
1,"","",,2015,180,B,134777,130909,69568,8,2,16509,8337,50.5,2565.5,28,18,46,22,33,8332,33,30,37,29,47,24,27,45,28,0,0,0,01000000000000
1,"","",,2015,180,B,134777,130909,69568,8,1,16509,8230,49.9,2579.2,21,37,57,23,20,8228,32,43,25,33,45,21,19,63,17,30,51,18,01000000000000
1,"","",,2015,180,B,134777,130909,69568,11,1,15793,7464,47.3,2617.8,35,30,64,18,17,7425,42,41,16,43,36,19,25,56,17,40,44,14,01000000000000
1,"","",,2015,180,B,134777,130909,69568,11,2,15793,7429,47.0,2591.4,20,21,41,22,37,7408,30,30,39,23,46,30,24,52,24,0,0,0,01000000000000
1,"","",,2015,180,B,134777,130909,69568,13,2,118342,60131,50.8,"",25,22,48,24,28,60079,33,31,35,28,44,28,28,47,25,0,0,0,01000000000000
1,"","",,2015,180,B,134777,130909,69568,13,1,118342,59925,50.6,"",27,30,57,20,23,59862,30,43,27,33,42,24,22,61,17,32,49,18,01000000000000
1,"","",,2015,200,B,134777,130909,10382,3,2,17687,1401,7.9,2357.8,2,12,14,24,62,1401,5,27,68,5,31,64,4,43,53,0,0,0,01000000000000
1,"","",,2015,200,B,134777,130909,10382,3,1,17687,1394,7.9,2346.4,3,10,13,23,64,1392,4,29,67,4,32,64,4,52,44,5,40,54,01000000000000
1,"","",,2015,200,B,134777,130909,10382,4,1,17437,1319,7.6,2385.5,4,10,15,18,68,1319,5,32,63,4,36,59,3,53,43,4,39,51,01000000000000
1,"","",,2015,200,B,134777,130909,10382,4,2,17437,1325,7.6,2399.1,2,10,11,31,58,1324,4,20,75,4,32,64,4,30,66,0,0,0,01000000000000
1,"","",,2015,200,B,134777,130909,10382,5,2,17365,1286,7.4,2421.5,3,6,9,22,69,1284,4,19,77,3,26,71,3,32,65,0,0,0,01000000000000
1,"","",,2015,200,B,134777,130909,10382,5,1,17365,1289,7.4,2425.0,3,15,18,19,63,1288,6,29,65,7,33,60,4,52,44,9,54,37,01000000000000
1,"","",,2015,200,B,134777,130909,10382,6,1,17089,1299,7.6,2451.3,3,13,16,30,54,1298,4,33,63,6,37,57,5,59,36,7,58,35,01000000000000
1,"","",,2015,200,B,134777,130909,10382,6,2,17089,1315,7.7,2434.5,2,7,9,27,64,1313,4,21,74,3,32,65,3,40,57,0,0,0,01000000000000
1,"","",,2015,200,B,134777,130909,10382,7,2,16462,1309,8.0,2448.0,2,8,10,26,63,1304,5,23,72,3,41,57,3,67,30,0,0,0,01000000000000
1,"","",,2015,200,B,134777,130909,10382,7,1,16462,1288,7.8,2469.7,1,16,18,25,57,1284,4,36,59,7,40,53,3,53,43,7,46,47,01000000000000
1,"","",,2015,200,B,134777,130909,10382,8,1,16509,1356,8.2,2493.3,2,17,19,32,49,1355,6,38,55,7,43,49,4,55,40,7,52,40,01000000000000
1,"","",,2015,200,B,134777,130909,10382,8,2,16509,1384,8.4,2456.8,4,7,10,19,71,1383,5,20,75,4,45,52,4,37,59,0,0,0,01000000000000
1,"","",,2015,200,B,134777,130909,10382,11,2,15793,967,6.1,2474.3,1,6,7,19,73,958,4,20,75,2,38,59,3,51,46,0,0,0,01000000000000
1,"","",,2015,200,B,134777,130909,10382,11,1,15793,935,5.9,2517.1,6,23,29,27,43,927,13,46,39,9,41,47,7,53,38,14,50,33,01000000000000
1,"","",,2015,200,B,134777,130909,10382,13,1,118342,8880,7.5,"",3,14,18,25,57,8863,6,34,60,6,37,56,4,54,41,7,48,43,01000000000000
1,"","",,2015,200,B,134777,130909,10382,13,2,118342,8987,7.6,"",2,8,10,24,65,8967,5,22,73,3,35,62,3,42,54,0,0,0,01000000000000
1,"","",,2015,201,B,134777,130909,252,3,2,17687,55,0.3,2385.8,0,18,18,42,40,55,2,51,47,2,56,42,11,55,35,0,0,0,01000000000000
1,"","",,2015,201,B,134777,130909,252,3,1,17687,54,0.3,2368.0,0,22,22,31,46,54,6,48,46,0,44,56,7,59,33,7,50,43,01000000000000
1,"","",,2015,201,B,134777,130909,252,4,1,17437,39,0.2,2401.2,5,18,23,13,64,39,5,33,62,5,46,49,0,62,38,8,46,46,01000000000000
1,"","",,2015,201,B,134777,130909,252,4,2,17437,40,0.2,2418.2,5,15,20,33,48,40,10,18,73,8,40,53,10,35,55,0,0,0,01000000000000
1,"","",,2015,201,B,134777,130909,252,5,2,17365,29,0.2,2434.9,3,10,14,28,59,29,3,24,72,7,24,69,3,41,55,0,0,0,01000000000000
1,"","",,2015,201,B,134777,130909,252,5,1,17365,29,0.2,2441.8,7,24,31,14,55,29,10,31,59,7,41,52,3,55,41,24,48,28,01000000000000
1,"","",,2015,201,B,134777,130909,252,6,1,17089,30,0.2,2468.6,0,20,20,33,47,30,0,43,57,3,53,43,0,70,30,10,73,17,01000000000000
1,"","",,2015,201,B,134777,130909,252,6,2,17089,31,0.2,2458.9,0,16,16,32,48,30,10,20,70,7,47,47,3,37,60,0,0,0,01000000000000
1,"","",,2015,201,B,134777,130909,252,7,2,16462,24,0.1,2495.1,0,4,4,63,33,24,4,46,50,0,63,38,0,63,38,0,0,0,01000000000000
1,"","",,2015,201,B,134777,130909,252,7,1,16462,23,0.1,2507.4,4,26,30,35,35,23,9,48,43,17,35,48,0,70,30,9,61,30,01000000000000
1,"","",,2015,201,B,134777,130909,252,8,1,16509,25,0.2,2495.2,8,12,20,28,52,25,8,32,56,0,44,52,4,72,24,4,64,28,01000000000000
1,"","",,2015,201,B,134777,130909,252,8,2,16509,27,0.2,2475.8,7,4,11,26,63,27,7,26,67,7,48,44,11,30,59,0,0,0,01000000000000
1,"","",,2015,201,B,134777,130909,252,11,2,15793,25,0.2,2496.5,4,8,12,12,72,24,13,13,75,8,42,46,4,58,38,0,0,0,01000000000000
1,"","",,2015,201,B,134777,130909,252,11,1,15793,23,0.1,2540.8,13,22,35,30,30,22,27,36,36,14,50,32,18,41,36,18,50,27,01000000000000
1,"","",,2015,201,B,134777,130909,252,13,1,118342,223,0.2,"",4,21,25,26,48,222,8,40,52,5,45,49,5,61,34,11,55,33,01000000000000
1,"","",,2015,201,B,134777,130909,252,13,2,118342,231,0.2,"",3,12,15,34,50,229,7,30,63,5,46,48,7,45,48,0,0,0,01000000000000
1,"","",,2015,202,B,134777,130909,8364,3,2,17687,969,5.5,2437.9,19,33,52,26,22,969,35,37,27,29,46,25,26,57,17,0,0,0,01000000000000
1,"","",,2015,202,B,134777,130909,8364,3,1,17687,965,5.5,2411.4,19,24,43,25,32,964,19,45,37,20,46,33,15,64,21,17,54,29,01000000000000
1,"","",,2015,202,B,134777,130909,8364,4,1,17437,993,5.7,2457.5,19,26,46,24,31,993,17,50,33,22,51,27,15,66,19,19,51,23,01000000000000
1,"","",,2015,202,B,134777,130909,8364,4,2,17437,1027,5.9,2478.8,19,28,47,37,16,1027,31,36,33,22,53,24,27,46,27,0,0,0,01000000000000
1,"","",,2015,202,B,134777,130909,8364,5,2,17365,1074,6.2,2517.9,25,23,48,29,22,1073,33,36,31,23,46,32,22,53,25,0,0,0,01000000000000
1,"","",,2015,202,B,134777,130909,8364,5,1,17365,1047,6.0,2506.9,19,37,56,20,23,1047,24,46,30,30,47,23,16,65,19,33,54,14,01000000000000
1,"","",,2015,202,B,134777,130909,8364,6,1,17089,1021,6.0,2532.7,17,36,53,27,20,1021,20,48,31,27,50,23,16,69,15,31,56,13,01000000000000
1,"","",,2015,202,B,134777,130909,8364,6,2,17089,1032,6.0,2544.5,26,21,48,29,23,1031,33,36,31,26,47,27,26,53,21,0,0,0,01000000000000
1,"","",,2015,202,B,134777,130909,8364,7,2,16462,1070,6.5,2573.3,30,25,55,27,18,1070,42,32,26,31,48,21,33,57,10,0,0,0,01000000000000
1,"","",,2015,202,B,134777,130909,8364,7,1,16462,1049,6.4,2564.6,19,40,59,22,19,1049,25,47,27,39,43,17,15,68,15,32,52,15,01000000000000
1,"","",,2015,202,B,134777,130909,8364,8,1,16509,1016,6.2,2582.1,19,40,59,23,18,1015,31,47,22,30,49,20,16,68,15,32,52,16,01000000000000
1,"","",,2015,202,B,134777,130909,8364,8,2,16509,1036,6.3,2596.4,37,20,56,21,23,1036,42,31,26,35,46,19,35,47,18,0,0,0,01000000000000
1,"","",,2015,202,B,134777,130909,8364,11,2,15793,1026,6.5,2623.9,26,26,52,22,27,1025,41,32,26,27,50,22,30,54,15,0,0,0,01000000000000
1,"","",,2015,202,B,134777,130909,8364,11,1,15793,1017,6.4,2612.6,29,36,64,20,16,1015,34,47,18,39,42,16,21,60,16,43,43,12,01000000000000
1,"","",,2015,202,B,134777,130909,8364,13,1,118342,7108,6.0,"",20,34,54,23,23,7104,24,47,28,30,47,23,16,66,17,30,52,17,01000000000000
1,"","",,2015,202,B,134777,130909,8364,13,2,118342,7234,6.1,"",26,25,51,27,22,7231,37,34,29,28,48,24,28,52,19,0,0,0,01000000000000
1,"","",,2015,203,B,134777,130909,2543,3,1,17687,329,1.9,2401.9,12,22,35,34,31,328,14,49,36,15,51,35,8,74,18,14,56,30,01000000000000
1,"","",,2015,203,B,134777,130909,2543,3,2,17687,332,1.9,2412.7,9,31,40,32,28,332,21,41,37,17,49,34,16,61,23,0,0,0,01000000000000
1,"","",,2015,203,B,134777,130909,2543,4,2,17437,327,1.9,2450.9,9,24,34,37,29,327,17,36,47,13,50,37,16,45,39,0,0,0,01000000000000
1,"","",,2015,203,B,134777,130909,2543,4,1,17437,322,1.8,2443.7,15,25,40,21,38,322,13,47,40,20,48,32,11,67,22,16,48,30,01000000000000
1,"","",,2015,203,B,134777,130909,2543,5,1,17365,343,2.0,2491.3,14,29,43,29,27,343,15,49,36,24,47,28,12,62,26,27,53,20,01000000000000
1,"","",,2015,203,B,134777,130909,2543,5,2,17365,344,2.0,2479.9,12,17,29,32,39,344,16,29,54,14,41,45,11,48,41,0,0,0,01000000000000
1,"","",,2015,203,B,134777,130909,2543,6,2,17089,327,1.9,2511.4,11,24,35,36,29,327,17,37,46,13,55,32,13,58,29,0,0,0,01000000000000
1,"","",,2015,203,B,134777,130909,2543,6,1,17089,324,1.9,2517.3,10,35,45,33,22,324,11,53,36,22,52,26,12,75,14,24,59,17,01000000000000
1,"","",,2015,203,B,134777,130909,2543,7,1,16462,286,1.7,2545.3,11,36,47,33,20,285,16,51,32,26,55,18,13,67,20,21,64,14,01000000000000
1,"","",,2015,203,B,134777,130909,2543,7,2,16462,288,1.7,2527.7,11,22,33,39,28,288,20,39,41,14,57,29,14,75,12,0,0,0,01000000000000
1,"","",,2015,203,B,134777,130909,2543,8,2,16509,307,1.9,2531.8,10,17,26,36,37,306,16,36,47,12,59,28,12,56,31,0,0,0,01000000000000
1,"","",,2015,203,B,134777,130909,2543,8,1,16509,302,1.8,2546.1,5,35,40,35,25,302,17,48,34,17,55,27,8,70,23,18,57,24,01000000000000
1,"","",,2015,203,B,134777,130909,2543,11,1,15793,277,1.8,2589.5,17,40,56,25,17,274,24,55,19,31,48,18,14,69,14,36,46,14,01000000000000
1,"","",,2015,203,B,134777,130909,2543,11,2,15793,269,1.7,2557.8,6,21,27,29,44,269,17,35,48,11,49,39,12,65,23,0,0,0,01000000000000
1,"","",,2015,203,B,134777,130909,2543,13,2,118342,2194,1.9,"",10,22,32,34,33,2193,18,36,46,13,51,35,13,58,29,0,0,0,01000000000000
1,"","",,2015,203,B,134777,130909,2543,13,1,118342,2183,1.8,"",12,31,44,30,26,2178,16,50,34,22,51,27,11,69,20,22,55,22,01000000000000
1,"","",,2015,204,B,134777,130909,31683,3,2,17687,4452,25.2,2380.1,3,17,20,31,49,4450,9,32,59,8,42,50,6,59,34,0,0,0,01000000000000
1,"","",,2015,204,B,134777,130909,31683,3,1,17687,4421,25.0,2360.7,5,13,17,27,55,4419,6,34,59,5,39,55,5,57,37,6,48,45,01000000000000
1,"","",,2015,204,B,134777,130909,31683,4,1,17437,4339,24.9,2402.4,5,14,19,22,58,4337,6,38,56,6,42,51,5,59,36,7,46,43,01000000000000
1,"","",,2015,204,B,134777,130909,31683,4,2,17437,4379,25.1,2418.6,3,13,16,37,47,4378,7,27,66,6,42,52,6,38,56,0,0,0,01000000000000
1,"","",,2015,204,B,134777,130909,31683,5,2,17365,3976,22.9,2444.7,4,10,14,30,56,3974,7,26,66,5,33,62,4,40,55,0,0,0,01000000000000
1,"","",,2015,204,B,134777,130909,31683,5,1,17365,3964,22.8,2445.7,5,21,25,25,50,3962,8,37,54,9,41,49,5,59,35,13,57,30,01000000000000
1,"","",,2015,204,B,134777,130909,31683,6,1,17089,4107,24.0,2468.8,3,20,23,32,45,4096,5,40,55,8,44,47,6,64,29,11,61,28,01000000000000
1,"","",,2015,204,B,134777,130909,31683,6,2,17089,4159,24.3,2458.7,4,11,15,32,54,4154,6,27,66,4,44,52,5,49,46,0,0,0,01000000000000
1,"","",,2015,204,B,134777,130909,31683,7,2,16462,3945,24.0,2475.2,4,13,17,30,53,3944,9,28,63,6,45,49,6,68,26,0,0,0,01000000000000
1,"","",,2015,204,B,134777,130909,31683,7,1,16462,3887,23.6,2489.2,3,22,24,29,47,3887,6,39,54,10,47,42,5,59,35,10,54,35,01000000000000
1,"","",,2015,204,B,134777,130909,31683,8,1,16509,3728,22.6,2514.0,4,23,27,35,38,3727,10,44,46,9,50,40,6,61,33,11,56,33,01000000000000
1,"","",,2015,204,B,134777,130909,31683,8,2,16509,3841,23.3,2487.6,5,12,17,27,57,3836,9,29,62,5,51,43,6,53,40,0,0,0,01000000000000
1,"","",,2015,204,B,134777,130909,31683,11,2,15793,2938,18.6,2511.2,3,12,15,23,62,2931,8,28,63,5,46,47,5,58,36,0,0,0,01000000000000
1,"","",,2015,204,B,134777,130909,31683,11,1,15793,2929,18.5,2551.0,11,30,41,29,29,2910,17,54,28,18,47,33,9,61,28,22,53,22,01000000000000
1,"","",,2015,204,B,134777,130909,31683,13,1,118342,27375,23.1,"",5,20,24,28,47,27338,8,40,51,9,44,46,6,60,34,11,53,35,01000000000000
1,"","",,2015,204,B,134777,130909,31683,13,2,118342,27690,23.4,"",4,13,16,30,53,27667,8,28,64,6,43,51,6,52,42,0,0,0,01000000000000
1,"","",,2015,205,B,134777,130909,915,3,2,17687,140,0.8,2378.3,1,15,16,36,48,140,9,34,58,4,39,56,4,52,44,0,0,0,01000000000000
1,"","",,2015,205,B,134777,130909,915,3,1,17687,140,0.8,2360.4,1,16,17,29,54,140,1,39,59,4,42,54,2,56,41,5,48,47,01000000000000
1,"","",,2015,205,B,134777,130909,915,4,1,17437,113,0.6,2409.1,4,16,20,24,56,113,7,37,56,12,42,46,7,58,35,8,43,49,01000000000000
1,"","",,2015,205,B,134777,130909,915,4,2,17437,110,0.6,2431.6,5,16,21,40,39,110,12,29,59,9,43,48,8,44,48,0,0,0,01000000000000
1,"","",,2015,205,B,134777,130909,915,5,2,17365,121,0.7,2442.7,2,12,14,33,53,121,5,29,66,2,36,61,2,43,55,0,0,0,01000000000000
1,"","",,2015,205,B,134777,130909,915,5,1,17365,120,0.7,2443.7,7,19,26,28,46,120,8,38,53,8,47,45,6,59,35,17,53,31,01000000000000
1,"","",,2015,205,B,134777,130909,915,6,1,17089,92,0.5,2471.4,1,20,21,40,39,92,2,42,55,9,46,45,5,72,23,8,70,23,01000000000000
1,"","",,2015,205,B,134777,130909,915,6,2,17089,93,0.5,2459.5,4,10,14,39,47,93,9,29,61,6,42,52,5,46,47,0,0,0,01000000000000
1,"","",,2015,205,B,134777,130909,915,7,2,16462,113,0.7,2468.7,4,12,16,28,56,113,6,25,68,4,50,46,4,65,31,0,0,0,01000000000000
1,"","",,2015,205,B,134777,130909,915,7,1,16462,113,0.7,2478.7,1,16,17,36,47,113,5,33,60,9,45,45,4,60,35,5,59,35,01000000000000
1,"","",,2015,205,B,134777,130909,915,8,1,16509,103,0.6,2511.9,3,24,27,30,43,103,11,39,50,11,53,36,5,59,36,9,53,38,01000000000000
1,"","",,2015,205,B,134777,130909,915,8,2,16509,110,0.7,2482.2,5,9,15,28,57,110,8,26,65,6,39,55,4,53,44,0,0,0,01000000000000
1,"","",,2015,205,B,134777,130909,915,11,2,15793,98,0.6,2503.4,2,8,10,29,61,98,4,28,67,4,39,56,2,54,43,0,0,0,01000000000000
1,"","",,2015,205,B,134777,130909,915,11,1,15793,98,0.6,2540.4,6,32,38,32,31,98,11,53,34,14,49,34,9,59,30,9,63,24,01000000000000
1,"","",,2015,205,B,134777,130909,915,13,1,118342,779,0.7,"",3,20,23,31,46,779,6,40,53,9,46,44,5,60,34,9,55,36,01000000000000
1,"","",,2015,205,B,134777,130909,915,13,2,118342,785,0.7,"",3,12,15,33,51,785,8,29,63,5,41,54,4,51,44,0,0,0,01000000000000
1,"","",,2015,206,B,134777,130909,4131,3,2,17687,554,3.1,2412.9,12,27,39,28,33,553,21,39,40,20,45,35,18,54,28,0,0,0,01000000000000
1,"","",,2015,206,B,134777,130909,4131,3,1,17687,548,3.1,2398.0,14,22,36,27,36,547,16,41,43,13,49,38,13,63,24,15,53,32,01000000000000
1,"","",,2015,206,B,134777,130909,4131,4,1,17437,545,3.1,2428.5,13,19,32,24,44,545,15,40,44,13,47,40,10,63,26,12,47,35,01000000000000
1,"","",,2015,206,B,134777,130909,4131,4,2,17437,549,3.1,2441.6,9,20,29,38,33,548,15,33,52,12,45,43,14,43,44,0,0,0,01000000000000
1,"","",,2015,206,B,134777,130909,4131,5,2,17365,587,3.4,2474.2,12,21,32,26,42,587,18,30,52,14,39,48,13,48,40,0,0,0,01000000000000
1,"","",,2015,206,B,134777,130909,4131,5,1,17365,574,3.3,2474.8,16,25,40,22,37,573,18,40,42,21,41,38,11,60,28,25,51,23,01000000000000
1,"","",,2015,206,B,134777,130909,4131,6,2,17089,502,2.9,2497.2,11,19,30,33,37,502,16,36,48,11,51,38,12,55,33,0,0,0,01000000000000
1,"","",,2015,206,B,134777,130909,4131,6,1,17089,504,2.9,2500.2,9,27,37,33,31,504,14,47,39,17,43,39,12,67,20,17,62,21,01000000000000
1,"","",,2015,206,B,134777,130909,4131,7,1,16462,514,3.1,2521.4,9,29,38,27,35,512,16,42,42,19,46,34,11,66,23,17,54,29,01000000000000
1,"","",,2015,206,B,134777,130909,4131,7,2,16462,514,3.1,2511.0,11,18,29,33,38,513,15,40,45,11,51,37,12,66,21,0,0,0,01000000000000
1,"","",,2015,206,B,134777,130909,4131,8,2,16509,470,2.8,2513.0,10,17,28,26,46,470,15,34,51,14,51,36,12,49,39,0,0,0,01000000000000
1,"","",,2015,206,B,134777,130909,4131,8,1,16509,453,2.7,2539.6,8,33,41,31,28,453,18,45,36,17,53,29,10,62,27,17,57,26,01000000000000
1,"","",,2015,206,B,134777,130909,4131,11,1,15793,428,2.7,2568.3,17,29,46,25,28,425,26,49,24,24,44,30,15,57,26,26,50,22,01000000000000
1,"","",,2015,206,B,134777,130909,4131,11,2,15793,415,2.6,2530.2,8,13,20,25,55,415,11,32,56,12,46,41,10,53,36,0,0,0,01000000000000
1,"","",,2015,206,B,134777,130909,4131,13,2,118342,3591,3.0,"",10,20,30,30,40,3588,16,35,49,14,47,40,13,52,35,0,0,0,01000000000000
1,"","",,2015,206,B,134777,130909,4131,13,1,118342,3566,3.0,"",13,26,38,27,35,3559,17,43,39,17,46,36,12,63,25,18,53,27,01000000000000
1,"","",,2015,207,B,134777,130909,1491,3,1,17687,225,1.3,2380.2,11,17,28,30,42,224,14,38,46,12,42,45,9,61,29,10,47,42,01000000000000
1,"","",,2015,207,B,134777,130909,1491,3,2,17687,226,1.3,2397.1,12,23,34,24,41,225,20,29,51,15,44,40,16,48,36,0,0,0,01000000000000
1,"","",,2015,207,B,134777,130909,1491,4,1,17437,193,1.1,2423.0,10,19,29,21,49,192,11,42,47,12,44,44,9,64,27,13,46,37,01000000000000
1,"","",,2015,207,B,134777,130909,1491,4,2,17437,193,1.1,2437.2,10,18,28,34,38,193,18,28,53,14,41,45,12,41,47,0,0,0,01000000000000
1,"","",,2015,207,B,134777,130909,1491,5,1,17365,202,1.2,2464.1,13,21,34,22,44,202,17,34,49,16,38,46,13,60,26,19,54,27,01000000000000
1,"","",,2015,207,B,134777,130909,1491,5,2,17365,204,1.2,2466.0,12,14,26,25,49,204,18,24,58,9,40,51,10,47,43,0,0,0,01000000000000
1,"","",,2015,207,B,134777,130909,1491,6,2,17089,203,1.2,2472.3,6,13,19,36,45,203,10,28,62,10,44,46,6,45,49,0,0,0,01000000000000
1,"","",,2015,207,B,134777,130909,1491,6,1,17089,204,1.2,2484.0,7,24,31,31,38,204,12,43,44,11,47,40,8,66,25,13,60,25,01000000000000
1,"","",,2015,207,B,134777,130909,1491,7,1,16462,182,1.1,2516.6,7,31,38,26,36,182,14,46,41,18,48,34,12,64,24,15,55,30,01000000000000
1,"","",,2015,207,B,134777,130909,1491,7,2,16462,190,1.2,2488.6,9,16,25,31,44,190,15,29,55,11,49,41,9,64,26,0,0,0,01000000000000
1,"","",,2015,207,B,134777,130909,1491,8,2,16509,201,1.2,2503.8,12,12,24,21,54,201,17,26,57,12,50,38,9,53,37,0,0,0,01000000000000
1,"","",,2015,207,B,134777,130909,1491,8,1,16509,198,1.2,2528.1,8,27,34,29,37,198,15,42,42,15,42,42,11,57,32,14,53,32,01000000000000
1,"","",,2015,207,B,134777,130909,1491,11,1,15793,116,0.7,2559.6,12,33,45,25,28,114,22,52,25,17,46,33,15,59,24,24,50,24,01000000000000
1,"","",,2015,207,B,134777,130909,1491,11,2,15793,112,0.7,2514.0,1,13,13,28,58,111,8,30,62,4,45,50,2,59,39,0,0,0,01000000000000
1,"","",,2015,207,B,134777,130909,1491,13,2,118342,1329,1.1,"",9,16,25,29,46,1327,16,28,56,11,45,44,10,50,40,0,0,0,01000000000000
1,"","",,2015,207,B,134777,130909,1491,13,1,118342,1320,1.1,"",10,24,33,27,40,1316,15,42,43,14,43,41,11,62,27,15,52,32,01000000000000
1,"","",,2015,220,B,134777,130909,4252,3,2,17687,461,2.6,2409.2,11,25,36,29,35,461,21,36,42,16,48,35,16,57,27,0,0,0,01000000000000
1,"","",,2015,220,B,134777,130909,4252,3,1,17687,451,2.5,2403.3,16,21,37,30,33,450,18,44,38,13,54,33,12,67,21,14,53,33,01000000000000
1,"","",,2015,220,B,134777,130909,4252,4,1,17437,402,2.3,2437.8,16,22,38,20,43,402,17,42,40,16,47,37,10,64,25,12,50,32,01000000000000
1,"","",,2015,220,B,134777,130909,4252,4,2,17437,405,2.3,2446.5,9,23,32,36,32,404,15,38,47,12,49,39,14,40,46,0,0,0,01000000000000
1,"","",,2015,220,B,134777,130909,4252,5,2,17365,499,2.9,2472.8,12,15,27,30,43,499,16,29,54,13,36,51,12,46,42,0,0,0,01000000000000
1,"","",,2015,220,B,134777,130909,4252,5,1,17365,501,2.9,2479.0,15,28,43,24,34,501,16,42,41,19,46,35,13,58,29,26,52,22,01000000000000
1,"","",,2015,220,B,134777,130909,4252,6,1,17089,507,3.0,2498.2,11,25,37,30,33,506,13,43,43,16,45,38,13,63,23,18,58,24,01000000000000
1,"","",,2015,220,B,134777,130909,4252,6,2,17089,512,3.0,2483.2,8,17,25,32,43,512,13,32,55,9,42,49,10,47,42,0,0,0,01000000000000
1,"","",,2015,220,B,134777,130909,4252,7,2,16462,505,3.1,2502.2,9,15,24,34,42,505,14,35,50,11,52,36,13,64,23,0,0,0,01000000000000
1,"","",,2015,220,B,134777,130909,4252,7,1,16462,503,3.1,2520.8,7,32,39,28,33,503,14,46,40,20,48,31,8,67,24,17,57,26,01000000000000
1,"","",,2015,220,B,134777,130909,4252,8,1,16509,540,3.3,2541.0,6,35,41,31,28,540,15,48,37,17,52,29,10,69,21,16,56,27,01000000000000
1,"","",,2015,220,B,134777,130909,4252,8,2,16509,551,3.3,2512.9,9,18,26,28,46,550,15,33,52,11,56,33,10,51,39,0,0,0,01000000000000
1,"","",,2015,220,B,134777,130909,4252,11,2,15793,600,3.8,2514.6,5,12,17,24,59,599,11,28,61,5,47,47,5,53,41,0,0,0,01000000000000
1,"","",,2015,220,B,134777,130909,4252,11,1,15793,601,3.8,2560.3,15,28,43,27,28,592,25,46,28,22,44,31,14,58,26,21,54,22,01000000000000
1,"","",,2015,220,B,134777,130909,4252,13,1,118342,3505,3.0,"",12,28,40,27,32,3494,17,45,38,18,48,33,12,64,24,18,54,26,01000000000000
1,"","",,2015,220,B,134777,130909,4252,13,2,118342,3533,3.0,"",9,17,26,30,44,3530,15,33,52,11,47,42,11,52,37,0,0,0,01000000000000
1,"","",,2015,221,B,134777,130909,179,3,2,17687,20,0.1,2442.4,20,25,45,35,20,20,30,55,15,25,50,25,30,50,20,0,0,0,01000000000000
1,"","",,2015,221,B,134777,130909,179,3,1,17687,20,0.1,2437.1,30,25,55,30,15,20,20,65,15,25,40,35,20,65,15,30,55,15,01000000000000
1,"","",,2015,221,B,134777,130909,179,4,1,17437,32,0.2,2479.0,25,34,59,13,28,32,28,50,22,19,56,25,16,72,13,25,59,16,01000000000000
1,"","",,2015,221,B,134777,130909,179,4,2,17437,32,0.2,2486.2,19,28,47,38,16,32,25,47,28,28,47,25,34,44,22,0,0,0,01000000000000
1,"","",,2015,221,B,134777,130909,179,5,2,17365,23,0.1,2505.2,30,9,39,22,39,23,30,26,43,26,30,43,17,39,43,0,0,0,01000000000000
1,"","",,2015,221,B,134777,130909,179,5,1,17365,22,0.1,2525.9,36,23,59,14,27,22,36,32,32,36,41,23,32,41,27,23,73,5,01000000000000
1,"","",,2015,221,B,134777,130909,179,6,1,17089,16,0.1,2552.4,25,31,56,31,13,16,19,50,31,50,31,19,25,63,13,38,50,13,01000000000000
1,"","",,2015,221,B,134777,130909,179,6,2,17089,16,0.1,2538.4,19,31,50,31,19,16,25,50,25,13,63,25,31,50,19,0,0,0,01000000000000
1,"","",,2015,221,B,134777,130909,179,7,1,16462,23,0.1,2570.5,13,43,57,35,9,23,13,70,17,39,48,13,17,74,9,22,70,9,01000000000000
1,"","",,2015,221,B,134777,130909,179,7,2,16462,23,0.1,2563.6,13,30,43,39,17,23,22,52,26,13,74,13,17,70,13,0,0,0,01000000000000
1,"","",,2015,221,B,134777,130909,179,8,2,16509,17,0.1,2535.5,12,24,35,29,35,17,18,41,41,6,59,35,12,53,35,0,0,0,01000000000000
1,"","",,2015,221,B,134777,130909,179,8,1,16509,18,0.1,2525.4,0,28,28,50,22,18,11,67,22,0,72,28,6,78,17,11,61,28,01000000000000
1,"","",,2015,221,B,134777,130909,179,11,1,15793,22,0.1,2612.0,41,14,55,27,18,22,36,41,18,45,27,23,27,50,18,55,23,18,01000000000000
1,"","",,2015,221,B,134777,130909,179,11,2,15793,21,0.1,2597.8,14,38,52,14,33,21,29,38,33,24,48,29,24,62,14,0,0,0,01000000000000
1,"","",,2015,221,B,134777,130909,179,13,2,118342,152,0.1,"",18,26,45,30,25,152,26,44,30,20,52,28,24,52,24,0,0,0,01000000000000
1,"","",,2015,221,B,134777,130909,179,13,1,118342,153,0.1,"",25,29,54,27,20,153,24,53,22,30,46,24,20,63,16,29,56,14,01000000000000
1,"","",,2015,222,B,134777,130909,22303,3,2,17687,3088,17.5,2511.1,58,28,86,9,4,3087,73,21,6,63,31,6,63,32,4,0,0,0,01000000000000
1,"","",,2015,222,B,134777,130909,22303,3,1,17687,3043,17.2,2491.6,54,25,79,14,7,3043,50,40,10,52,39,8,41,55,4,49,43,8,01000000000000
1,"","",,2015,222,B,134777,130909,22303,4,1,17437,3048,17.5,2539.9,58,23,81,11,8,3048,51,40,9,54,38,7,43,52,5,47,42,7,01000000000000
1,"","",,2015,222,B,134777,130909,22303,4,2,17437,3066,17.6,2556.9,59,26,85,12,3,3066,72,21,7,59,34,6,63,30,7,0,0,0,01000000000000
1,"","",,2015,222,B,134777,130909,22303,5,2,17365,3046,17.5,2598.2,65,18,83,12,5,3046,72,20,8,61,31,8,58,35,7,0,0,0,01000000000000
1,"","",,2015,222,B,134777,130909,22303,5,1,17365,3009,17.3,2584.2,57,28,86,8,7,3009,53,38,9,64,28,7,43,51,5,65,32,4,01000000000000
1,"","",,2015,222,B,134777,130909,22303,6,1,17089,2897,17.0,2609.2,51,34,85,11,4,2897,49,42,9,63,31,6,35,61,3,59,37,4,01000000000000
1,"","",,2015,222,B,134777,130909,22303,6,2,17089,2921,17.1,2630.2,64,19,83,13,4,2921,70,22,8,59,35,6,61,33,6,0,0,0,01000000000000
1,"","",,2015,222,B,134777,130909,22303,7,2,16462,2734,16.6,2660.3,65,21,86,10,4,2733,75,19,7,67,28,5,65,32,3,0,0,0,01000000000000
1,"","",,2015,222,B,134777,130909,22303,7,1,16462,2694,16.4,2636.9,51,36,87,8,5,2692,54,38,8,69,26,5,34,61,5,62,34,4,01000000000000
1,"","",,2015,222,B,134777,130909,22303,8,1,16509,2543,15.4,2655.7,48,40,88,9,3,2543,59,35,6,64,31,4,36,60,4,58,39,3,01000000000000
1,"","",,2015,222,B,134777,130909,22303,8,2,16509,2581,15.6,2691.4,71,14,85,10,5,2581,75,17,7,68,27,5,67,28,5,0,0,0,01000000000000
1,"","",,2015,222,B,134777,130909,22303,11,2,15793,2270,14.4,2718.6,57,22,79,13,8,2269,69,21,10,57,33,9,60,34,5,0,0,0,01000000000000
1,"","",,2015,222,B,134777,130909,22303,11,1,15793,2287,14.5,2688.1,61,25,86,9,5,2286,64,30,5,71,23,5,41,53,6,62,33,4,01000000000000
1,"","",,2015,222,B,134777,130909,22303,13,1,118342,19521,16.5,"",54,30,84,10,5,19518,54,38,8,62,31,6,39,56,5,57,37,5,01000000000000
1,"","",,2015,222,B,134777,130909,22303,13,2,118342,19706,16.7,"",63,21,84,11,5,19703,72,20,7,62,31,6,62,32,5,0,0,0,01000000000000
1,"","",,2015,223,B,134777,130909,6482,3,2,17687,741,4.2,2453.6,24,39,63,25,13,741,40,40,19,35,49,16,33,54,13,0,0,0,01000000000000
1,"","",,2015,223,B,134777,130909,6482,3,1,17687,743,4.2,2444.8,29,31,60,23,17,743,26,52,21,31,50,19,23,67,10,28,56,15,01000000000000
1,"","",,2015,223,B,134777,130909,6482,4,1,17437,799,4.6,2490.2,33,27,60,22,18,799,28,50,21,34,50,17,23,65,12,28,53,16,01000000000000
1,"","",,2015,223,B,134777,130909,6482,4,2,17437,797,4.6,2491.7,22,35,56,31,13,797,36,37,26,27,51,21,30,48,22,0,0,0,01000000000000
1,"","",,2015,223,B,134777,130909,6482,5,2,17365,778,4.5,2530.3,29,23,52,31,17,778,36,37,27,28,49,23,29,49,22,0,0,0,01000000000000
1,"","",,2015,223,B,134777,130909,6482,5,1,17365,776,4.5,2535.8,31,37,68,18,14,776,31,49,20,42,43,15,23,64,12,43,49,7,01000000000000
1,"","",,2015,223,B,134777,130909,6482,6,1,17089,785,4.6,2555.1,23,40,63,26,11,785,23,55,21,35,51,13,16,74,9,35,56,8,01000000000000
1,"","",,2015,223,B,134777,130909,6482,6,2,17089,786,4.6,2552.7,26,28,54,30,16,786,33,42,25,25,58,18,27,55,18,0,0,0,01000000000000
1,"","",,2015,223,B,134777,130909,6482,7,2,16462,801,4.9,2571.6,23,31,54,32,14,801,34,45,20,26,55,19,28,63,9,0,0,0,01000000000000
1,"","",,2015,223,B,134777,130909,6482,7,1,16462,793,4.8,2579.6,20,48,67,21,12,793,28,52,20,43,46,10,17,69,13,35,53,11,01000000000000
1,"","",,2015,223,B,134777,130909,6482,8,1,16509,795,4.8,2596.9,18,50,68,24,8,794,30,56,14,36,52,11,18,73,10,35,56,9,01000000000000
1,"","",,2015,223,B,134777,130909,6482,8,2,16509,803,4.9,2592.1,30,22,52,28,20,803,37,37,26,30,54,16,31,53,16,0,0,0,01000000000000
1,"","",,2015,223,B,134777,130909,6482,11,2,15793,812,5.1,2615.0,19,30,48,27,24,811,32,40,26,23,55,20,23,61,15,0,0,0,01000000000000
1,"","",,2015,223,B,134777,130909,6482,11,1,15793,813,5.1,2640.0,36,41,77,15,8,813,41,50,9,52,39,7,24,63,11,48,44,6,01000000000000
1,"","",,2015,223,B,134777,130909,6482,13,1,118342,5504,4.7,"",27,39,66,21,12,5503,30,52,18,39,47,13,21,68,11,36,53,10,01000000000000
1,"","",,2015,223,B,134777,130909,6482,13,2,118342,5518,4.7,"",25,30,54,29,17,5517,35,40,24,28,53,19,29,55,16,0,0,0,01000000000000
1,"","",,2015,224,B,134777,130909,11066,3,2,17687,1469,8.3,2420.6,14,30,44,28,28,1469,26,38,37,23,45,32,21,54,25,0,0,0,01000000000000
1,"","",,2015,224,B,134777,130909,11066,3,1,17687,1455,8.2,2411.3,19,23,42,27,31,1455,21,43,36,16,50,34,18,62,19,20,51,29,01000000000000
1,"","",,2015,224,B,134777,130909,11066,4,1,17437,1425,8.2,2454.9,20,24,43,23,34,1425,19,47,34,19,51,30,17,64,19,17,55,24,01000000000000
1,"","",,2015,224,B,134777,130909,11066,4,2,17437,1437,8.2,2459.8,11,27,38,37,25,1436,21,36,42,17,51,32,18,47,35,0,0,0,01000000000000
1,"","",,2015,224,B,134777,130909,11066,5,2,17365,1230,7.1,2491.0,16,17,33,33,34,1229,20,33,47,16,45,39,14,52,34,0,0,0,01000000000000
1,"","",,2015,224,B,134777,130909,11066,5,1,17365,1218,7.0,2498.4,19,31,50,24,26,1218,22,46,32,26,47,27,17,62,21,28,56,16,01000000000000
1,"","",,2015,224,B,134777,130909,11066,6,1,17089,1329,7.8,2516.1,13,31,44,29,26,1327,17,46,36,21,49,29,14,68,17,23,60,17,01000000000000
1,"","",,2015,224,B,134777,130909,11066,6,2,17089,1367,8.0,2506.7,14,20,34,33,33,1366,19,37,44,15,49,36,15,54,31,0,0,0,01000000000000
1,"","",,2015,224,B,134777,130909,11066,7,2,16462,1296,7.9,2524.5,13,22,35,32,33,1295,20,38,41,16,51,32,17,68,15,0,0,0,01000000000000
1,"","",,2015,224,B,134777,130909,11066,7,1,16462,1271,7.7,2543.0,11,37,48,26,26,1271,17,50,32,26,50,23,13,64,22,23,55,21,01000000000000
1,"","",,2015,224,B,134777,130909,11066,8,1,16509,1189,7.2,2556.5,11,38,48,30,22,1189,22,49,29,21,54,24,12,65,22,21,59,19,01000000000000
1,"","",,2015,224,B,134777,130909,11066,8,2,16509,1224,7.4,2531.4,14,18,32,28,40,1222,20,34,46,15,56,29,14,53,33,0,0,0,01000000000000
1,"","",,2015,224,B,134777,130909,11066,11,2,15793,1387,8.8,2545.6,8,18,26,26,48,1383,15,34,49,11,49,38,12,56,31,0,0,0,01000000000000
1,"","",,2015,224,B,134777,130909,11066,11,1,15793,1370,8.7,2588.2,22,33,55,24,21,1361,31,48,19,32,42,24,17,62,19,29,53,16,01000000000000
1,"","",,2015,224,B,134777,130909,11066,13,1,118342,9257,7.8,"",17,31,47,26,27,9246,21,47,31,23,49,27,16,64,20,23,55,20,01000000000000
1,"","",,2015,224,B,134777,130909,11066,13,2,118342,9410,8.0,"",13,22,35,31,34,9400,20,36,44,16,49,34,16,55,29,0,0,0,01000000000000
1,"","",,2015,225,B,134777,130909,566,3,1,17687,55,0.3,2401.8,11,24,35,33,33,55,9,47,44,13,60,27,9,71,20,13,55,33,01000000000000
1,"","",,2015,225,B,134777,130909,566,3,2,17687,56,0.3,2412.3,7,29,36,36,29,56,23,39,38,13,46,41,13,55,32,0,0,0,01000000000000
1,"","",,2015,225,B,134777,130909,566,4,2,17437,74,0.4,2455.8,9,23,32,39,28,74,22,31,47,16,45,39,19,41,41,0,0,0,01000000000000
1,"","",,2015,225,B,134777,130909,566,4,1,17437,74,0.4,2457.9,23,19,42,26,32,74,19,46,35,19,54,27,18,68,15,24,51,22,01000000000000
1,"","",,2015,225,B,134777,130909,566,5,1,17365,58,0.3,2474.8,9,29,38,29,33,58,12,38,50,21,48,31,9,57,34,33,40,28,01000000000000
1,"","",,2015,225,B,134777,130909,566,5,2,17365,59,0.3,2470.6,14,3,17,37,46,59,17,19,64,12,31,58,7,47,46,0,0,0,01000000000000
1,"","",,2015,225,B,134777,130909,566,6,2,17089,57,0.3,2513.1,18,12,30,40,30,57,21,32,47,16,51,33,18,49,33,0,0,0,01000000000000
1,"","",,2015,225,B,134777,130909,566,6,1,17089,60,0.4,2505.2,12,28,40,22,38,60,13,50,35,18,43,37,8,75,15,22,50,27,01000000000000
1,"","",,2015,225,B,134777,130909,566,7,2,16462,68,0.4,2507.8,10,21,31,31,38,68,21,29,50,13,51,35,13,68,19,0,0,0,01000000000000
1,"","",,2015,225,B,134777,130909,566,7,1,16462,67,0.4,2526.6,7,34,42,27,31,67,13,46,40,28,52,19,9,57,34,16,57,27,01000000000000
1,"","",,2015,225,B,134777,130909,566,8,2,16509,73,0.4,2531.1,14,16,30,27,42,73,16,34,49,16,52,32,11,55,34,0,0,0,01000000000000
1,"","",,2015,225,B,134777,130909,566,8,1,16509,69,0.4,2545.3,10,29,39,38,23,69,17,43,39,22,55,23,17,52,30,20,61,19,01000000000000
1,"","",,2015,225,B,134777,130909,566,11,1,15793,79,0.5,2579.1,19,32,51,32,18,79,28,48,23,28,47,23,16,62,19,27,53,18,01000000000000
1,"","",,2015,225,B,134777,130909,566,11,2,15793,77,0.5,2560.4,8,22,30,29,42,77,18,35,45,13,56,30,10,60,29,0,0,0,01000000000000
1,"","",,2015,225,B,134777,130909,566,13,2,118342,464,0.4,"",11,18,30,34,37,464,20,31,49,14,48,38,13,54,33,0,0,0,01000000000000
1,"","",,2015,225,B,134777,130909,566,13,1,118342,462,0.4,"",13,28,41,29,29,462,17,46,37,22,51,26,13,63,24,22,53,24,01000000000000
1,"","",,2015,226,B,134777,130909,22574,3,1,17687,2719,15.4,2468.2,42,28,70,19,10,2719,43,43,14,36,49,14,36,58,6,37,51,12,01000000000000
1,"","",,2015,226,B,134777,130909,22574,3,2,17687,2763,15.6,2474.2,36,37,73,18,9,2763,52,33,15,47,42,11,47,45,8,0,0,0,01000000000000
1,"","",,2015,226,B,134777,130909,22574,4,2,17437,2782,16.0,2514.3,32,37,69,24,7,2782,47,36,17,39,48,12,42,45,13,0,0,0,01000000000000
1,"","",,2015,226,B,134777,130909,22574,4,1,17437,2793,16.0,2514.1,45,27,72,16,12,2793,39,47,13,39,48,12,35,58,7,35,50,9,01000000000000
1,"","",,2015,226,B,134777,130909,22574,5,1,17365,2896,16.7,2555.5,41,36,76,14,10,2896,43,42,14,48,41,11,31,61,8,50,45,5,01000000000000
1,"","",,2015,226,B,134777,130909,22574,5,2,17365,2903,16.7,2552.7,40,25,65,23,11,2903,47,34,19,40,45,16,36,49,15,0,0,0,01000000000000
1,"","",,2015,226,B,134777,130909,22574,6,2,17089,2812,16.5,2570.3,35,28,63,24,13,2808,41,38,20,34,50,16,35,51,14,0,0,0,01000000000000
1,"","",,2015,226,B,134777,130909,22574,6,1,17089,2804,16.4,2573.4,32,41,73,18,9,2802,37,48,15,40,48,12,27,66,7,41,53,6,01000000000000
1,"","",,2015,226,B,134777,130909,22574,7,1,16462,2665,16.2,2600.8,30,46,75,16,8,2664,38,49,12,49,42,9,28,65,7,42,50,8,01000000000000
1,"","",,2015,226,B,134777,130909,22574,7,2,16462,2686,16.3,2593.4,36,28,64,23,12,2684,45,36,18,40,47,13,38,54,7,0,0,0,01000000000000
1,"","",,2015,226,B,134777,130909,22574,8,2,16509,2744,16.6,2615.7,39,26,64,22,14,2744,45,36,19,41,47,11,38,49,13,0,0,0,01000000000000
1,"","",,2015,226,B,134777,130909,22574,8,1,16509,2735,16.6,2619.9,30,46,76,16,7,2735,46,44,10,46,44,9,27,66,6,42,50,8,01000000000000
1,"","",,2015,226,B,134777,130909,22574,11,1,15793,2671,16.9,2658.4,47,32,79,13,8,2664,56,36,8,56,33,10,34,56,9,51,40,8,01000000000000
1,"","",,2015,226,B,134777,130909,22574,11,2,15793,2643,16.7,2638.4,27,29,56,23,21,2640,41,34,25,30,52,17,33,53,14,0,0,0,01000000000000
1,"","",,2015,226,B,134777,130909,22574,13,2,118342,19333,16.3,"",35,30,65,22,13,19324,46,35,19,39,47,14,38,49,12,0,0,0,01000000000000
1,"","",,2015,226,B,134777,130909,22574,13,1,118342,19283,16.3,"",38,37,75,16,9,19273,43,44,12,45,44,11,31,61,7,43,48,8,01000000000000
1,"","",,2015,227,B,134777,130909,3726,3,1,17687,560,3.2,2466.4,43,24,67,21,13,560,42,42,16,39,43,18,36,56,8,34,53,13,01000000000000
1,"","",,2015,227,B,134777,130909,3726,3,2,17687,569,3.2,2475.9,38,33,72,17,11,568,53,32,15,46,42,11,43,47,10,0,0,0,01000000000000
1,"","",,2015,227,B,134777,130909,3726,4,2,17437,567,3.3,2516.4,34,34,67,24,9,567,50,32,18,41,45,14,42,43,14,0,0,0,01000000000000
1,"","",,2015,227,B,134777,130909,3726,4,1,17437,568,3.3,2509.4,43,26,69,18,14,568,41,44,15,37,49,13,32,60,8,32,51,11,01000000000000
1,"","",,2015,227,B,134777,130909,3726,5,1,17365,591,3.4,2557.9,43,33,76,14,10,591,44,42,14,52,36,12,29,64,7,53,40,6,01000000000000
1,"","",,2015,227,B,134777,130909,3726,5,2,17365,598,3.4,2556.6,44,22,66,20,13,598,51,29,21,42,41,17,40,43,17,0,0,0,01000000000000
1,"","",,2015,227,B,134777,130909,3726,6,2,17089,503,2.9,2564.8,34,26,60,24,15,502,40,37,23,34,47,19,34,51,15,0,0,0,01000000000000
1,"","",,2015,227,B,134777,130909,3726,6,1,17089,496,2.9,2567.1,31,37,68,20,12,496,33,48,19,43,42,16,25,67,8,43,49,8,01000000000000
1,"","",,2015,227,B,134777,130909,3726,7,1,16462,418,2.5,2595.9,33,41,73,13,14,418,38,44,17,51,37,12,30,60,10,41,46,12,01000000000000
1,"","",,2015,227,B,134777,130909,3726,7,2,16462,426,2.6,2594.5,39,26,66,20,15,426,49,32,19,44,41,15,41,50,9,0,0,0,01000000000000
1,"","",,2015,227,B,134777,130909,3726,8,2,16509,426,2.6,2606.1,37,25,62,19,19,426,43,34,22,42,44,14,38,45,17,0,0,0,01000000000000
1,"","",,2015,227,B,134777,130909,3726,8,1,16509,417,2.5,2614.2,30,44,74,13,12,416,45,39,16,47,40,12,29,62,9,45,44,11,01000000000000
1,"","",,2015,227,B,134777,130909,3726,11,1,15793,259,1.6,2647.5,46,30,76,13,11,259,52,39,8,51,33,13,36,50,11,52,38,8,01000000000000
1,"","",,2015,227,B,134777,130909,3726,11,2,15793,258,1.6,2634.6,26,29,55,23,21,258,40,36,24,33,45,21,29,56,15,0,0,0,01000000000000
1,"","",,2015,227,B,134777,130909,3726,13,2,118342,3347,2.8,"",37,28,65,21,14,3345,47,33,20,41,43,15,39,47,14,0,0,0,01000000000000
1,"","",,2015,227,B,134777,130909,3726,13,1,118342,3309,2.8,"",39,33,71,16,12,3308,41,43,15,45,41,14,31,61,8,42,47,10,01000000000000
